32 32 1
5.405e-10 4.913e-10 1.70191e-09
1.03117e+10
3.1254e+10
8.73514e+10
1.72838e+11
1.81844e+11
1.39755e+11
1.6503e+11
1.89627e+11
1.15753e+11
4.49925e+10
1.46816e+10
6.49652e+09
7.87891e+09
1.16581e+10
1.22098e+10
6.98532e+09
-2.91216e+09
-1.73151e+10
-4.4764e+10
-1.37021e+11
-5.46563e+11
-7.68444e+11
-2.16512e+11
-6.26189e+10
-2.40817e+10
-7.09223e+09
4.10837e+09
1.1097e+10
1.24163e+10
9.1813e+09
6.30131e+09
1.03117e+10
-1.06967e+10
3.41865e+09
3.09644e+10
6.17361e+10
7.28618e+10
6.91846e+10
7.19064e+10
6.83649e+10
4.19833e+10
1.11942e+10
-7.44003e+09
-1.3753e+10
-1.24547e+10
-8.36026e+09
-5.24824e+09
-4.81571e+09
-6.4788e+09
-8.71498e+09
-1.13942e+10
-2.29457e+10
-1.48195e+11
-2.67633e+11
-3.74812e+10
-1.31631e+10
-9.46573e+09
-7.22635e+09
-5.21601e+09
-4.79871e+09
-7.08095e+09
-1.1183e+10
-1.3915e+10
-1.06967e+10
-3.6324e+10
-2.66465e+10
-9.14396e+09
8.96324e+09
1.97473e+10
2.27487e+10
2.13999e+10
1.35925e+10
-2.71807e+09
-2.14327e+10
-3.42027e+10
-3.73413e+10
-3.26473e+10
-2.48556e+10
-1.81489e+10
-1.41007e+10
-1.09004e+10
-2.98259e+09
2.13268e+10
1.14251e+11
5.98751e+11
9.00763e+11
1.99377e+11
3.87359e+10
2.35241e+09
-9.16457e+09
-1.31338e+10
-1.65208e+10
-2.23616e+10
-3.01513e+10
-3.64376e+10
-3.6324e+10
-6.93275e+10
-5.93724e+10
-4.00591e+10
-2.10734e+10
-8.51058e+09
-3.68239e+09
-6.07126e+09
-1.60339e+10
-3.32952e+10
-5.34953e+10
-6.75954e+10
-6.77015e+10
-5.58594e+10
-4.11302e+10
-3.04376e+10
-2.60738e+10
-2.49744e+10
-1.58417e+10
1.80199e+10
9.83407e+10
2.49594e+11
2.94405e+11
1.42126e+11
3.80802e+10
-8.0952e+09
-2.36061e+10
-2.5707e+10
-2.8298e+10
-3.69199e+10
-5.08392e+10
-6.46765e+10
-6.93275e+10
-1.21628e+11
-1.02311e+11
-6.74828e+10
-3.95286e+10
-2.31376e+10
-1.70091e+10
-2.00425e+10
-3.28259e+10
-5.69385e+10
-9.09192e+10
-1.18871e+11
-1.14341e+11
-8.4735e+10
-5.71001e+10
-4.22948e+10
-4.33718e+10
-5.96799e+10
-6.82151e+10
-3.02947e+10
4.10091e+10
1.05177e+11
1.17186e+11
6.52403e+10
-8.10584e+09
-6.14817e+10
-6.55691e+10
-4.75117e+10
-4.07651e+10
-5.0571e+10
-7.44497e+10
-1.05745e+11
-1.21628e+11
-2.51024e+11
-1.80262e+11
-9.20154e+10
-4.73701e+10
-2.75094e+10
-2.08531e+10
-2.41047e+10
-3.88309e+10
-7.31434e+10
-1.46164e+11
-2.40722e+11
-2.16668e+11
-1.22167e+11
-6.86251e+10
-4.98157e+10
-6.1731e+10
-1.26743e+11
-2.15452e+11
-1.43064e+11
-1.62823e+10
4.59793e+10
5.42285e+10
1.14741e+10
-9.54955e+10
-2.13099e+11
-1.61457e+11
-7.59935e+10
-4.97528e+10
-5.92764e+10
-9.92792e+10
-1.83829e+11
-2.51024e+11
-7.54161e+11
-3.33435e+11
-9.66145e+10
-3.97892e+10
-2.25313e+10
-1.74819e+10
-1.99099e+10
-3.19091e+10
-6.8949e+10
-2.16009e+11
-6.74111e+11
-5.0293e+11
-1.51255e+11
-6.65473e+10
-4.75468e+10
-6.01164e+10
-1.76786e+11
-4.75978e+11
-2.82561e+11
-3.7596e+10
2.46199e+10
3.08629e+10
-6.23168e+09
-1.69406e+11
-4.85141e+11
-2.71947e+11
-7.91339e+10
-4.72945e+10
-5.67468e+10
-1.08213e+11
-3.39167e+11
-7.54161e+11
-7.63876e+11
-1.62076e+11
-2.98999e+10
-1.45469e+10
-1.13545e+10
-1.05738e+10
-1.09398e+10
-1.29825e+10
-2.16057e+10
-8.14687e+10
-6.10789e+11
-3.45571e+11
-6.49646e+10
-4.6931e+10
-4.22465e+10
-2.36364e+10
2.23026e+10
1.20242e+11
8.2682e+10
3.57253e+10
3.10642e+10
3.10604e+10
3.25408e+10
5.81884e+10
1.28346e+11
5.26897e+10
-1.31306e+10
-3.78794e+10
-4.62636e+10
-5.27875e+10
-1.7269e+11
-7.63876e+11
1.17442e+12
3.5222e+11
6.33927e+10
1.21412e+10
-2.53598e+09
-6.73564e+09
-4.72618e+09
5.4177e+09
3.77173e+10
1.93167e+11
9.91726e+11
6.20164e+11
7.24776e+10
-4.7126e+10
-7.14537e+10
-1.41433e+10
1.49383e+11
4.41276e+11
3.00102e+11
9.25154e+10
3.91842e+10
3.42497e+10
6.51347e+10
2.06361e+11
4.57131e+11
2.47497e+11
2.36563e+10
-6.10055e+10
-6.43009e+10
1.61596e+10
3.34002e+11
1.17442e+12
3.55036e+11
2.16376e+11
7.46217e+10
1.53725e+10
-8.22329e+09
-1.49994e+10
-1.18114e+10
4.87315e+09
4.87518e+10
1.57152e+11
3.35277e+11
2.68211e+11
5.29697e+10
-1.35616e+11
-2.16825e+11
-7.87174e+10
6.93488e+10
1.73226e+11
1.45235e+11
6.74497e+10
2.97236e+10
2.51279e+10
5.02057e+10
1.16948e+11
1.79903e+11
1.12448e+11
-2.59354e+10
-1.84211e+11
-1.88583e+11
-1.0601e+10
1.93598e+11
3.55036e+11
1.40425e+11
1.0413e+11
3.67453e+10
-1.77147e+10
-4.23562e+10
-4.55566e+10
-4.46327e+10
-2.9439e+10
1.60156e+10
8.21475e+10
1.35903e+11
1.20693e+11
2.42231e+10
-2.43661e+11
-4.45388e+11
-1.23493e+11
2.09514e+10
6.15799e+10
5.46176e+10
2.72796e+10
8.1496e+09
5.35213e+09
1.9248e+10
4.59508e+10
6.3688e+10
4.08835e+10
-5.31246e+10
-3.49791e+11
-3.73112e+11
-3.57429e+10
9.77187e+10
1.40425e+11
7.95065e+10
4.69871e+10
-2.24812e+10
-1.08838e+11
-1.30149e+11
-1.0542e+11
-1.2098e+11
-1.26635e+11
-5.23642e+10
2.80025e+10
7.25307e+10
8.45158e+10
8.95714e+10
1.74736e+11
2.52327e+11
9.21375e+10
3.82171e+10
2.55044e+10
1.16731e+10
-5.4294e+09
-1.7828e+10
-1.97816e+10
-1.04765e+10
5.97359e+09
2.15288e+10
3.29427e+10
6.29568e+10
2.01281e+11
2.29108e+11
1.02041e+11
8.46494e+10
7.95065e+10
5.44446e+10
1.72521e+10
-8.57191e+10
-3.20076e+11
-3.21451e+11
-1.65252e+11
-2.52425e+11
-3.73672e+11
-1.52043e+11
-5.44069e+09
4.51687e+10
7.134e+10
1.25283e+11
3.14421e+11
4.39716e+11
1.86481e+11
5.40953e+10
1.07052e+10
-1.34061e+10
-3.35537e+10
-4.77311e+10
-5.00428e+10
-3.92649e+10
-2.04911e+10
1.84605e+09
3.50035e+10
1.23977e+11
3.66974e+11
4.01217e+11
1.67048e+11
8.25819e+10
5.44446e+10
4.10684e+10
2.12001e+10
-3.7823e+10
-2.52558e+11
-2.3857e+11
-7.21597e+10
-1.59355e+11
-3.1071e+11
-8.87538e+10
9.94843e+09
3.53675e+10
5.39875e+10
8.98766e+10
1.55336e+11
1.79291e+11
1.06926e+11
3.76162e+10
-2.84291e+09
-3.29748e+10
-6.26799e+10
-8.75343e+10
-9.20264e+10
-7.22004e+10
-4.28649e+10
-1.32973e+10
2.17988e+10
7.99835e+10
1.61538e+11
1.7461e+11
1.09263e+11
6.28913e+10
4.10684e+10
3.16531e+10
4.28381e+10
1.21245e+11
4.20895e+11
3.94491e+11
1.5265e+11
2.80661e+11
4.9903e+11
1.93182e+11
5.5698e+10
3.25806e+10
3.47138e+10
4.89332e+10
6.7956e+10
7.08395e+10
4.71227e+10
1.50753e+10
-1.46741e+10
-4.81829e+10
-9.74017e+10
-1.60252e+11
-1.74714e+11
-1.18486e+11
-6.23252e+10
-2.49146e+10
4.9516e+09
3.6362e+10
6.52767e+10
7.19244e+10
5.54943e+10
3.83024e+10
3.16531e+10
1.89182e+10
4.15032e+10
1.1863e+11
2.75398e+11
2.76947e+11
1.75077e+11
2.33509e+11
3.08513e+11
1.65815e+11
5.83691e+10
2.31845e+10
1.59854e+10
1.94489e+10
2.51818e+10
2.52353e+10
1.60762e+10
8.19987e+08
-1.89712e+10
-5.16495e+10
-1.34651e+11
-3.56279e+11
-4.37771e+11
-1.9029e+11
-7.02337e+10
-2.75765e+10
-5.15925e+09
1.14504e+10
2.31278e+10
2.61668e+10
2.15109e+10
1.64154e+10
1.89182e+10
3.76109e+08
1.79472e+10
5.69809e+10
1.05894e+11
1.16976e+11
1.02005e+11
1.115e+11
1.15649e+11
7.41464e+10
2.83451e+10
4.29113e+09
-3.34707e+09
-2.54961e+09
8.5581e+08
2.4981e+09
3.64119e+08
-5.07756e+09
-1.35288e+10
-3.06862e+10
-1.02528e+11
-6.47504e+11
-1.0819e+12
-1.79721e+11
-4.29401e+10
-1.7596e+10
-7.50211e+09
-1.14414e+09
2.21458e+09
1.75755e+09
-1.45508e+09
-3.69503e+09
3.76109e+08
-2.28682e+10
-1.14864e+10
9.25678e+09
3.11698e+10
4.19622e+10
4.29395e+10
4.28239e+10
3.63582e+10
1.70983e+10
-5.41819e+09
-2.02478e+10
-2.49723e+10
-2.23465e+10
-1.67607e+10
-1.19305e+10
-9.40064e+09
-8.0678e+09
-4.54426e+09
7.93231e+09
6.53318e+10
5.51793e+11
9.73888e+11
1.28905e+11
1.76284e+10
-1.94394e+09
-7.35778e+09
-8.95032e+09
-1.08349e+10
-1.49395e+10
-2.05993e+10
-2.47043e+10
-2.28682e+10
-5.15215e+10
-4.23901e+10
-2.52986e+10
-7.88071e+09
3.47875e+09
7.5431e+09
5.57038e+09
-3.25083e+09
-1.91414e+10
-3.72518e+10
-4.97095e+10
-5.13367e+10
-4.37133e+10
-3.29448e+10
-2.42691e+10
-1.95063e+10
-1.61169e+10
-6.04419e+09
2.50501e+10
1.18262e+11
3.99666e+11
5.15088e+11
1.84454e+11
4.52078e+10
1.0168e+09
-1.40479e+10
-1.84981e+10
-2.22718e+10
-2.9657e+10
-4.01618e+10
-4.95602e+10
-5.15215e+10
-9.14553e+10
-7.86852e+10
-5.4014e+10
-3.15144e+10
-1.72054e+10
-1.16924e+10
-1.44291e+10
-2.57517e+10
-4.58242e+10
-7.0982e+10
-8.94894e+10
-8.7781e+10
-6.94029e+10
-4.93011e+10
-3.65653e+10
-3.40615e+10
-3.89274e+10
-3.50943e+10
-1.02657e+06
7.05627e+10
1.59637e+11
1.80215e+11
1.00538e+11
1.9925e+10
-2.75178e+10
-3.98513e+10
-3.52992e+10
-3.45719e+10
-4.40182e+10
-6.2279e+10
-8.27762e+10
-9.14553e+10
-1.6833e+11
-1.34009e+11
-8.04262e+10
-4.49851e+10
-2.6545e+10
-1.99774e+10
-2.32092e+10
-3.72728e+10
-6.63682e+10
-1.15193e+11
-1.63515e+11
-1.53286e+11
-1.02318e+11
-6.38762e+10
-4.69896e+10
-5.32362e+10
-8.89171e+10
-1.23366e+11
-7.62603e+10
1.13595e+10
6.98313e+10
7.89484e+10
3.55251e+10
-4.65147e+10
-1.18183e+11
-1.04669e+11
-6.18221e+10
-4.61792e+10
-5.59404e+10
-8.70899e+10
-1.37276e+11
-1.6833e+11
-4.14079e+11
-2.4869e+11
-9.9497e+10
-4.58953e+10
-2.61e+10
-1.99004e+10
-2.2905e+10
-3.71219e+10
-7.51605e+10
-1.83888e+11
-3.87606e+11
-3.25865e+11
-1.4174e+11
-6.99841e+10
-5.00265e+10
-6.54147e+10
-1.65703e+11
-3.5664e+11
-2.28478e+11
-3.61567e+10
3.10909e+10
3.87501e+10
-4.07462e+09
-1.47691e+11
-3.59568e+11
-2.32163e+11
-8.46702e+10
-5.03143e+10
-5.96976e+10
-1.08324e+11
-2.53054e+11
-4.14079e+11
-1.26816e+12
-3.6232e+11
-7.44628e+10
-2.89136e+10
-1.73151e+10
-1.41284e+10
-1.56492e+10
-2.34753e+10
-5.09809e+10
-2.00093e+11
-1.05955e+12
-6.6531e+11
-1.30586e+11
-5.79798e+10
-4.3776e+10
-4.43059e+10
-1.12141e+11
-3.35296e+11
-1.83188e+11
-1.11611e+10
2.55682e+10
2.90958e+10
7.78074e+09
-9.9681e+10
-3.42057e+11
-1.79259e+11
-5.28219e+10
-4.18682e+10
-5.12331e+10
-9.05119e+10
-3.70104e+11
-1.26816e+12
9.73636e+11
2.00661e+11
2.3597e+10
3.7221e+08
-5.92467e+09
-7.74769e+09
-6.87126e+09
-2.50847e+09
1.16434e+10
9.39733e+10
7.81173e+11
4.22086e+11
2.00183e+10
-4.01803e+10
-4.8776e+10
-1.0133e+10
1.29742e+11
4.56792e+11
2.87288e+11
7.67247e+10
3.68266e+10
3.36745e+10
5.50692e+10
1.84716e+11
4.75216e+11
2.32163e+11
1.79234e+10
-4.16608e+10
-4.77898e+10
-9.40778e+09
1.86458e+11
9.73636e+11
6.55686e+11
3.0224e+11
7.88407e+10
1.77231e+10
-2.77015e+09
-8.73081e+09
-5.88859e+09
8.47992e+09
5.00396e+10
1.94804e+11
5.92571e+11
4.33736e+11
7.62693e+10
-7.68422e+10
-1.21789e+11
-3.84899e+10
1.14098e+11
2.91288e+11
2.21398e+11
8.55616e+10
3.66433e+10
3.14071e+10
6.18939e+10
1.66255e+11
3.01431e+11
1.80185e+11
5.11677e+09
-1.04977e+11
-1.06706e+11
1.32457e+10
2.80531e+11
6.55686e+11
2.11887e+11
1.49873e+11
5.89753e+10
4.05431e+09
-2.06513e+10
-2.68534e+10
-2.40888e+10
-7.01864e+09
3.67449e+10
1.16597e+11
2.04493e+11
1.71513e+11
2.89075e+10
-2.14451e+11
-3.6088e+11
-1.19779e+11
3.59432e+10
1.02408e+11
9.11819e+10
4.67503e+10
1.9803e+10
1.6157e+10
3.50154e+10
7.63825e+10
1.06865e+11
6.61221e+10
-5.29017e+10
-2.95277e+11
-3.09287e+11
-3.65163e+10
1.31287e+11
2.11887e+11
1.02069e+11
7.15772e+10
9.45787e+09
-5.31482e+10
-7.68769e+10
-7.19609e+10
-7.58996e+10
-6.65406e+10
-1.3309e+10
5.31087e+10
9.69271e+10
9.59788e+10
4.84999e+10
-9.94723e+10
-2.21545e+11
-4.36123e+10
2.43042e+10
3.85023e+10
2.95631e+10
9.98833e+09
-4.47427e+09
-6.69664e+09
4.04951e+09
2.33278e+10
3.77041e+10
3.21295e+10
-8.67388e+09
-1.67048e+11
-1.75647e+11
1.69413e+10
8.54453e+10
1.02069e+11
6.48245e+10
2.86019e+10
-5.70171e+10
-1.96309e+11
-2.11369e+11
-1.41151e+11
-1.82397e+11
-2.25381e+11
-1.01406e+11
7.38395e+09
5.61501e+10
7.78926e+10
1.20016e+11
3.35894e+11
5.09403e+11
1.81531e+11
5.07118e+10
1.7347e+10
-2.01187e+09
-1.96906e+10
-3.20808e+10
-3.40606e+10
-2.47189e+10
-8.15082e+09
1.05272e+10
3.56349e+10
1.14494e+11
4.08997e+11
4.53502e+11
1.60596e+11
8.56865e+10
6.48245e+10
4.68074e+10
1.47363e+10
-8.75942e+10
-4.05866e+11
-3.90091e+11
-1.50734e+11
-2.79005e+11
-4.86654e+11
-1.67965e+11
-5.41229e+09
3.85488e+10
6.32669e+10
1.11394e+11
2.29072e+11
2.88216e+11
1.49013e+11
4.83847e+10
4.03489e+09
-2.35926e+10
-4.76888e+10
-6.56674e+10
-6.87134e+10
-5.48029e+10
-3.19344e+10
-5.96703e+09
2.98809e+10
1.06006e+11
2.5151e+11
2.72266e+11
1.41983e+11
7.43479e+10
4.68074e+10
3.63626e+10
3.28102e+10
5.11583e+10
1.48085e+11
1.35427e+11
5.13785e+10
9.50212e+10
1.74185e+11
7.27607e+10
3.46517e+10
3.40606e+10
4.43009e+10
6.80892e+10
1.03527e+11
1.1256e+11
7.25834e+10
2.57181e+10
-9.35237e+09
-4.13924e+10
-7.909e+10
-1.16699e+11
-1.24207e+11
-9.27585e+10
-5.31976e+10
-1.98372e+10
1.29297e+10
5.57699e+10
1.03098e+11
1.12197e+11
7.9584e+10
5.04257e+10
3.63626e+10
2.60103e+10
4.60575e+10
1.38332e+11
4.01366e+11
3.87443e+11
1.89319e+11
2.97919e+11
4.63922e+11
2.08315e+11
6.36329e+10
2.92066e+10
2.53223e+10
3.28841e+10
4.31076e+10
4.36559e+10
2.8919e+10
6.71545e+09
-1.80518e+10
-5.21679e+10
-1.17237e+11
-2.32296e+11
-2.64478e+11
-1.5156e+11
-6.88671e+10
-2.77328e+10
-1.18921e+09
2.18636e+10
4.02065e+10
4.49658e+10
3.65428e+10
2.69873e+10
2.60103e+10
1.03117e+10
3.1254e+10
8.73514e+10
1.72838e+11
1.81844e+11
1.39755e+11
1.6503e+11
1.89627e+11
1.15753e+11
4.49925e+10
1.46816e+10
6.49652e+09
7.87891e+09
1.16581e+10
1.22098e+10
6.98532e+09
-2.91216e+09
-1.73151e+10
-4.4764e+10
-1.37021e+11
-5.46563e+11
-7.68444e+11
-2.16512e+11
-6.26189e+10
-2.40817e+10
-7.09223e+09
4.10837e+09
1.1097e+10
1.24163e+10
9.1813e+09
6.30131e+09
1.03117e+10
