32 32 1
4.913e-10 1.70191e-09 5.405e-10
0.0143065
0.0151866
0.0168923
0.0227969
0.0334107
0.0503948
0.0759049
0.110159
0.160308
0.22123
0.291499
0.368206
0.455369
0.662896
1.79851
7.01624
28.2373
35.4769
8.70465
2.21988
0.687265
0.402955
0.30299
0.226877
0.161468
0.111945
0.0756993
0.0505011
0.0337919
0.0232551
0.0171231
0.0143065
0.0136741
0.0154328
0.0196216
0.0297725
0.0489766
0.0831482
0.141363
0.233566
0.371538
0.54159
0.699885
0.783446
0.769867
0.703401
0.650522
0.660954
0.714277
0.691431
0.564799
0.442769
0.358611
0.290283
0.22763
0.172165
0.124115
0.0873854
0.0602112
0.041067
0.0281967
0.0200218
0.0153821
0.0136741
0.0134361
0.015877
0.0241205
0.0419111
0.0792714
0.15775
0.325168
0.691359
1.52052
3.49992
7.87709
10.1589
5.62668
2.47532
1.18742
0.646273
0.411103
0.30219
0.241528
0.205223
0.176764
0.151048
0.126405
0.102732
0.0810246
0.0616281
0.0454543
0.0328221
0.0236193
0.0174913
0.0141081
0.0134361
0.0198523
0.0182152
0.0233049
0.0343029
0.056608
0.0998543
0.181411
0.331101
0.576937
0.928965
1.27765
1.38115
1.14728
0.783648
0.486735
0.302293
0.207737
0.173112
0.179566
0.221153
0.287852
0.359605
0.402111
0.38742
0.322889
0.235522
0.156401
0.0981056
0.0602655
0.0377615
0.0254821
0.0198523
0.0518267
0.043205
0.0419583
0.043844
0.0489463
0.0573259
0.069183
0.0873583
0.101752
0.116992
0.127635
0.129307
0.121821
0.109538
0.100115
0.103395
0.133201
0.216815
0.411962
0.843738
1.79411
3.80752
6.62782
6.06793
3.20483
1.49945
0.709077
0.348511
0.182703
0.105556
0.0691441
0.0518267
0.248595
0.202222
0.170552
0.154691
0.150952
0.15381
0.158179
0.16241
0.157905
0.149481
0.13707
0.121908
0.106436
0.0935744
0.0869145
0.0915699
0.115346
0.17575
0.30457
0.550551
0.982668
1.60539
2.13522
2.06436
1.49652
0.947369
0.612994
0.452886
0.384895
0.344701
0.299975
0.248595
1.81063
1.00513
0.62226
0.464573
0.415641
0.416651
0.437766
0.448988
0.435715
0.395926
0.348197
0.298746
0.249591
0.205123
0.169812
0.146746
0.137029
0.142148
0.162815
0.19536
0.237318
0.283719
0.332309
0.391891
0.493722
0.718612
1.21044
2.19355
3.69626
4.40732
3.20587
1.81063
1.70006
1.03558
0.719926
0.627698
0.872842
2.58201
8.83364
22.051
13.6967
4.41747
1.23628
0.568551
0.433488
0.367151
0.31581
0.280412
0.264098
0.267632
0.288797
0.323072
0.365244
0.412549
0.466769
0.531296
0.620176
0.819761
1.24207
2.03986
3.15283
3.63232
2.77849
1.70006
0.407595
0.38438
0.386876
0.416843
0.485539
0.67244
1.08316
1.47487
1.33342
0.950509
0.793024
0.853066
0.985867
1.06936
1.01603
0.850359
0.676525
0.564296
0.527398
0.609792
1.23845
4.10389
10.9861
14.0231
6.54685
2.04614
0.808102
0.594264
0.544124
0.500473
0.451236
0.407595
0.192729
0.185535
0.195027
0.216472
0.246604
0.282386
0.324211
0.385054
0.482445
0.697394
1.20017
2.4302
5.6346
11.3519
9.71699
4.29248
1.92394
1.01907
0.672145
0.570576
0.658282
1.09533
1.85523
2.06309
1.38565
0.739818
0.475372
0.375859
0.310044
0.256093
0.216184
0.192729
0.109722
0.121738
0.160264
0.227778
0.330315
0.459128
0.579017
0.640142
0.629601
0.597949
0.6201
0.739529
0.928881
1.06603
1.01793
0.808196
0.575174
0.406694
0.313173
0.274178
0.265714
0.269687
0.27423
0.272303
0.260132
0.239152
0.211524
0.181046
0.151873
0.127915
0.112707
0.109722
0.104107
0.163793
0.307471
0.62688
1.35223
3.05572
6.83076
9.53917
5.7488
2.53124
1.1538
0.568343
0.312888
0.198274
0.143239
0.113225
0.0946819
0.0837327
0.0793865
0.0794587
0.0828535
0.0878982
0.093992
0.099743
0.0985262
0.097168
0.0928614
0.0863464
0.0795609
0.0758801
0.0808222
0.104107
0.148566
0.157034
0.21511
0.348531
0.593601
0.967027
1.36977
1.52271
1.27852
0.857678
0.505125
0.280211
0.153361
0.0860821
0.0517111
0.0348998
0.0271628
0.0254324
0.0292542
0.0373824
0.0525431
0.0782742
0.119993
0.180908
0.252578
0.324796
0.366368
0.35623
0.302058
0.233225
0.177024
0.148566
0.398028
0.260373
0.194968
0.169582
0.1623
0.161729
0.159745
0.149417
0.131709
0.106884
0.0805117
0.0573017
0.0394208
0.0270443
0.0193954
0.0156427
0.0151759
0.019132
0.0304956
0.0540633
0.103226
0.205882
0.422753
0.884866
1.86714
3.82782
6.14206
5.26862
2.82968
1.38923
0.70916
0.398028
0.528963
0.436476
0.370694
0.322098
0.276721
0.231309
0.186944
0.146476
0.110207
0.0806473
0.0577106
0.0406797
0.0286122
0.0205163
0.0155854
0.0133685
0.0140279
0.0183212
0.028379
0.0493889
0.0910593
0.172694
0.330443
0.62696
1.14551
1.88549
2.47872
2.32742
1.66013
1.07071
0.715481
0.528963
3.78693
5.75839
4.2321
1.76724
0.703965
0.423424
0.320778
0.245675
0.179048
0.12625
0.0866819
0.0584013
0.0391484
0.0266494
0.0190308
0.0149915
0.0142349
0.0160931
0.020444
0.0300128
0.0463056
0.0722594
0.110588
0.163723
0.234423
0.312474
0.390123
0.459691
0.530868
0.722025
1.55053
3.78693
3.78693
5.75839
4.23211
1.76724
0.703966
0.423425
0.320778
0.245672
0.179047
0.12625
0.0866819
0.0584014
0.0391484
0.0266494
0.0190309
0.0149917
0.0142353
0.0160938
0.0204455
0.0300158
0.0463112
0.0722697
0.110607
0.163755
0.234465
0.312527
0.39018
0.459743
0.530908
0.722051
1.55055
3.78693
0.528978
0.43648
0.370695
0.322098
0.276721
0.231309
0.186944
0.146469
0.110205
0.0806473
0.0577106
0.0406797
0.0286123
0.0205164
0.0155856
0.013369
0.0140288
0.0183231
0.0283829
0.0493972
0.0910774
0.172734
0.330534
0.627166
1.14594
1.88632
2.47985
2.32828
1.66054
1.07086
0.71553
0.528978
0.397966
0.260346
0.194957
0.169577
0.162298
0.161729
0.159745
0.149409
0.131707
0.106884
0.0805118
0.0573018
0.0394208
0.0270443
0.0193955
0.015643
0.0151764
0.019133
0.0304972
0.054066
0.10323
0.205888
0.422758
0.884847
1.86696
3.82694
6.13939
5.26605
2.82862
1.38884
0.709009
0.397966
0.14854
0.15702
0.215104
0.348528
0.5936
0.967027
1.36977
1.52271
1.27852
0.857677
0.505124
0.280209
0.153358
0.0860792
0.0517082
0.0348974
0.0271611
0.0254315
0.0292538
0.0373819
0.0525409
0.0782673
0.119976
0.180874
0.25251
0.32469
0.366234
0.356094
0.301946
0.233148
0.176977
0.14854
0.104109
0.163796
0.307474
0.626883
1.35223
3.05572
6.83076
9.53918
5.74879
2.53123
1.15378
0.568312
0.312847
0.198225
0.14319
0.113181
0.0946492
0.0837122
0.0793769
0.0794578
0.0828587
0.0879072
0.0939996
0.0997469
0.0985354
0.097175
0.0928659
0.086349
0.0795625
0.0758814
0.0808237
0.104109
0.109737
0.121751
0.160277
0.227792
0.330329
0.459142
0.57903
0.640163
0.629597
0.597906
0.619977
0.739243
0.928334
1.06524
1.0171
0.807581
0.57481
0.406509
0.313092
0.274153
0.26572
0.269711
0.274256
0.272322
0.260172
0.23919
0.211559
0.181076
0.151898
0.127935
0.112724
0.109737
0.192746
0.185555
0.195052
0.216503
0.246641
0.282429
0.324263
0.385133
0.482537
0.697543
1.20047
2.43093
5.63665
11.3548
9.71638
4.29163
1.92357
1.01892
0.672081
0.570564
0.658359
1.09575
1.8564
2.06463
1.3866
0.740129
0.475449
0.375889
0.310065
0.25611
0.2162
0.192746
0.407518
0.384346
0.386875
0.416868
0.485611
0.672688
1.08383
1.47587
1.33419
0.950887
0.793304
0.853465
0.986451
1.07005
1.01663
0.850745
0.676719
0.564373
0.527412
0.609726
1.23797
4.10158
10.9786
14.0139
6.54503
2.04588
0.808001
0.594135
0.54397
0.500321
0.451115
0.407518
1.6995
1.03542
0.719887
0.627698
0.872866
2.58194
8.83206
22.0348
13.6877
4.4154
1.23589
0.568514
0.433503
0.367172
0.315828
0.280421
0.264095
0.267617
0.28877
0.323033
0.365194
0.412483
0.466676
0.531174
0.620008
0.819455
1.24141
2.03837
3.14996
3.6291
2.77681
1.6995
1.81187
1.00562
0.622454
0.464642
0.415652
0.416627
0.437709
0.448932
0.435637
0.395863
0.34815
0.298707
0.249558
0.205096
0.169789
0.146727
0.137011
0.142129
0.162794
0.195336
0.237291
0.28369
0.332275
0.391849
0.493706
0.718641
1.21064
2.19436
3.69885
4.41163
3.20876
1.81187
0.248737
0.202313
0.170601
0.154711
0.150952
0.153798
0.15816
0.162402
0.157882
0.149456
0.137047
0.121887
0.106419
0.0935607
0.0869034
0.0915608
0.115338
0.175743
0.304563
0.550544
0.982661
1.60538
2.13521
2.06435
1.49654
0.947409
0.613071
0.453014
0.385071
0.344901
0.300161
0.248737
0.0518364
0.0432117
0.0419618
0.0438448
0.0489453
0.0573244
0.0691833
0.0873649
0.101763
0.117011
0.127661
0.129336
0.121849
0.109562
0.100131
0.103406
0.133207
0.216818
0.411962
0.843738
1.7941
3.80752
6.62782
6.06793
3.20483
1.49945
0.709084
0.348521
0.182715
0.105568
0.069156
0.0518364
0.0198524
0.018215
0.0233046
0.0343028
0.0566091
0.0998596
0.181427
0.331142
0.577058
0.92924
1.27814
1.38176
1.14778
0.783954
0.486894
0.30237
0.207773
0.173129
0.179573
0.221156
0.287853
0.359606
0.402112
0.387425
0.322889
0.235522
0.156401
0.0981061
0.0602659
0.037762
0.0254824
0.0198524
0.0134355
0.0158758
0.0241181
0.0419063
0.0792612
0.157727
0.325117
0.691228
1.52021
3.49898
7.87435
10.1563
5.62631
2.47537
1.18748
0.646305
0.411119
0.302198
0.241532
0.205225
0.176765
0.151048
0.126407
0.10274
0.0810247
0.0616281
0.0454542
0.032822
0.0236191
0.0174911
0.0141077
0.0134355
0.0136735
0.0154318
0.0196195
0.0297682
0.0489678
0.0831304
0.141327
0.233493
0.37142
0.541407
0.69965
0.783211
0.769687
0.703291
0.650465
0.660928
0.714266
0.691426
0.564797
0.442768
0.35861
0.290283
0.227632
0.17217
0.124115
0.0873854
0.0602112
0.041067
0.0281966
0.0200217
0.0153818
0.0136735
0.0143065
0.0151866
0.0168923
0.0227969
0.0334107
0.0503948
0.0759049
0.110159
0.160308
0.22123
0.291499
0.368206
0.455369
0.662896
1.79851
7.01624
28.2373
35.4769
8.70465
2.21988
0.687265
0.402955
0.30299
0.226877
0.161468
0.111945
0.0756993
0.0505011
0.0337919
0.0232551
0.0171231
0.0143065
