32 32 1
4.913e-10 1.70191e-09 5.405e-10
1.52331e+09
-2.34746e+08
-1.99839e+09
-4.23473e+09
-7.23308e+09
-1.15153e+10
-1.77266e+10
-2.67109e+10
-4.01726e+10
-5.96365e+10
-8.8887e+10
-1.33382e+11
-2.02468e+11
-3.18407e+11
-5.77154e+11
-1.48402e+12
-4.1233e+12
3.81855e+12
1.82417e+12
6.62272e+11
3.51064e+11
2.20652e+11
1.43929e+11
9.42307e+10
6.11013e+10
3.93747e+10
2.52252e+10
1.60729e+10
1.0145e+10
6.2398e+09
3.55301e+09
1.52331e+09
1.01252e+09
-6.34751e+08
-2.5385e+09
-5.24943e+09
-9.37963e+09
-1.58934e+10
-2.59065e+10
-4.00373e+10
-5.70368e+10
-7.0672e+10
-7.3564e+10
-6.83076e+10
-7.12596e+10
-8.98397e+10
-1.08928e+11
-1.01033e+11
-4.41417e+10
4.71111e+10
1.16438e+11
1.3898e+11
1.28551e+11
1.04634e+11
7.89579e+10
5.6957e+10
3.96125e+10
2.69586e+10
1.8054e+10
1.19293e+10
7.74492e+09
4.84289e+09
2.72924e+09
1.01252e+09
2.38358e+08
-1.22645e+09
-3.42207e+09
-7.26392e+09
-1.47501e+10
-3.01666e+10
-6.32751e+10
-1.37474e+11
-3.13243e+11
-7.57512e+11
-1.31458e+12
5.55282e+11
1.12595e+12
4.69241e+11
1.83868e+11
7.42064e+10
3.36424e+10
2.28785e+10
2.20133e+10
2.38297e+10
2.45012e+10
2.33019e+10
2.0758e+10
1.75579e+10
1.4305e+10
1.12403e+10
8.52127e+09
6.21436e+09
4.32086e+09
2.7813e+09
1.4791e+09
2.38358e+08
6.28046e+08
-7.06908e+08
-2.2769e+09
-4.52873e+09
-8.47691e+09
-1.56377e+10
-2.84109e+10
-4.9522e+10
-7.77025e+10
-9.75742e+10
-6.91062e+10
1.77223e+10
8.32826e+10
8.46396e+10
5.77219e+10
3.22267e+10
1.47726e+10
3.66369e+09
-4.8499e+09
-1.17266e+10
-1.56955e+10
-1.29611e+10
-1.40632e+09
1.33372e+10
2.28364e+10
2.34566e+10
1.87089e+10
1.28321e+10
7.9612e+09
4.52261e+09
2.22314e+09
6.28046e+08
1.49903e+09
-5.3116e+08
-1.89918e+09
-2.81922e+09
-3.52223e+09
-4.05097e+09
-4.44363e+09
-4.70516e+09
-3.99062e+09
-2.82583e+09
-5.60878e+08
2.1067e+09
4.0781e+09
4.35218e+09
2.37712e+09
-2.43329e+09
-1.17871e+10
-3.06859e+10
-6.9941e+10
-1.55269e+11
-3.41164e+11
-6.80219e+11
-4.86097e+11
6.78221e+11
5.95013e+11
2.8493e+11
1.29867e+11
5.93035e+10
2.71082e+10
1.21933e+10
5.08745e+09
1.49903e+09
6.72018e+09
1.90139e+09
-4.13614e+09
-9.10194e+09
-1.15506e+10
-1.08293e+10
-7.06986e+09
-1.25955e+09
5.49591e+09
1.09434e+10
1.43833e+10
1.53857e+10
1.42344e+10
1.14319e+10
7.29941e+09
1.63786e+09
-6.52599e+09
-2.02096e+10
-4.31384e+10
-8.17507e+10
-1.35175e+11
-1.64964e+11
-7.31207e+10
1.02197e+11
1.56472e+11
1.1146e+11
5.84215e+10
2.48418e+10
1.0174e+10
7.46832e+09
8.27094e+09
6.72018e+09
2.53215e+11
1.04206e+11
1.11817e+10
-4.4041e+10
-7.42905e+10
-8.05609e+10
-5.83166e+10
-1.00594e+10
4.41199e+10
8.10878e+10
9.23753e+10
8.4955e+10
6.86563e+10
5.03347e+10
3.33844e+10
1.89289e+10
7.05541e+09
-2.88882e+09
-1.05049e+10
-1.58401e+10
-1.8176e+10
-1.73408e+10
-1.52417e+10
-1.68308e+10
-3.20505e+10
-7.49436e+10
-1.66879e+11
-3.18528e+11
-3.70379e+11
9.07891e+10
3.86784e+11
2.53215e+11
1.86502e+11
4.36337e+10
-7.66008e+10
-1.92538e+11
-3.45922e+11
-6.68578e+11
-1.5798e+12
-1.07339e+12
2.07037e+12
9.45015e+11
4.53397e+11
2.69337e+11
1.70682e+11
1.05869e+11
6.00113e+10
2.52869e+10
-3.35331e+09
-2.87176e+10
-5.13812e+10
-6.91752e+10
-7.69891e+10
-6.82633e+10
-4.12639e+10
-5.40511e+09
1.31029e+10
-7.56768e+09
-8.26089e+10
-2.02097e+11
-2.26911e+11
8.03458e+10
2.84826e+11
1.86502e+11
4.07336e+08
-3.75413e+10
-8.00559e+10
-1.26883e+11
-1.7334e+11
-2.0423e+11
-1.78807e+11
-4.60109e+10
1.19727e+11
1.79814e+11
1.54342e+11
1.0209e+11
6.03587e+10
4.87796e+10
5.24612e+10
3.69155e+10
-7.37987e+09
-7.07979e+10
-1.50453e+11
-2.56348e+11
-4.32297e+11
-8.28627e+11
-1.30503e+12
7.87896e+11
1.08951e+12
5.51556e+11
3.13699e+11
1.95634e+11
1.22637e+11
7.34218e+10
3.57108e+10
4.07336e+08
1.55461e+10
-1.83375e+09
-1.55944e+10
-2.55712e+10
-3.09212e+10
-3.07116e+10
-2.57195e+10
-2.06653e+10
-2.53005e+10
-6.02477e+10
-1.65474e+11
-4.51409e+11
-1.21473e+12
-1.02071e+12
1.51531e+12
9.08174e+11
3.06096e+11
6.38288e+10
-6.19996e+10
-1.47805e+11
-2.14681e+11
-2.46452e+11
-1.61284e+11
7.52051e+10
2.36947e+11
2.44576e+11
1.98896e+11
1.47289e+11
1.02016e+11
6.57015e+10
3.74961e+10
1.55461e+10
5.72746e+09
-2.58701e+09
-1.18418e+10
-2.19316e+10
-3.13329e+10
-3.47781e+10
-2.55768e+10
-5.63102e+09
9.28329e+09
5.60281e+09
-1.52206e+10
-4.03578e+10
-4.75559e+10
-1.66196e+10
3.183e+10
5.15045e+10
3.73708e+10
1.18696e+10
-1.05131e+10
-2.48908e+10
-2.99058e+10
-2.50936e+10
-1.16867e+10
6.42861e+09
2.32627e+10
3.42571e+10
3.7905e+10
3.5512e+10
2.94537e+10
2.17957e+10
1.37569e+10
5.72746e+09
-7.36282e+09
-2.13769e+10
-5.08243e+10
-1.15707e+11
-2.67015e+11
-6.37038e+11
-1.17997e+12
2.71708e+11
1.11071e+12
5.16102e+11
2.16293e+11
9.32405e+10
4.06906e+10
1.79143e+10
7.96048e+09
3.19605e+09
2.7822e+08
-2.13563e+09
-3.92781e+09
-5.03146e+09
-5.1827e+09
-4.32049e+09
-2.75308e+09
-1.213e+08
2.05839e+09
4.11354e+09
5.53587e+09
6.05514e+09
5.47808e+09
3.56219e+09
-2.43705e+08
-7.36282e+09
2.99773e+09
-7.16855e+09
-2.18806e+10
-4.47019e+10
-7.66198e+10
-1.038e+11
-8.17309e+10
1.52083e+10
9.79416e+10
1.03389e+11
7.23586e+10
4.26075e+10
2.3065e+10
1.18291e+10
5.68006e+09
2.30399e+09
3.90051e+08
-1.11853e+09
-2.2855e+09
-3.77447e+09
-5.8987e+09
-9.02322e+09
-1.33825e+10
-1.75336e+10
-1.98887e+10
-1.59926e+10
-4.76571e+09
8.54535e+09
1.63078e+10
1.61797e+10
1.0846e+10
2.99773e+09
4.80488e+10
2.26768e+10
1.25304e+10
8.4823e+09
7.09254e+09
7.01782e+09
7.98042e+09
9.56054e+09
1.06368e+10
1.06927e+10
9.46611e+09
7.51668e+09
5.44474e+09
3.6104e+09
2.10581e+09
8.38264e+08
-3.6301e+08
-2.02497e+09
-4.50217e+09
-9.19182e+09
-1.85665e+10
-3.80062e+10
-7.92662e+10
-1.67347e+11
-3.51164e+11
-6.35074e+11
-3.11556e+11
6.08443e+11
4.90224e+11
2.37035e+11
1.06953e+11
4.80488e+10
6.33706e+09
1.59496e+10
3.5752e+10
5.15949e+10
5.79244e+10
5.53278e+10
4.74656e+10
3.78106e+10
2.8686e+10
2.09337e+10
1.48897e+10
1.03652e+10
7.0517e+09
4.62532e+09
2.79122e+09
1.28124e+09
-1.94123e+08
-1.93816e+09
-4.58069e+09
-9.04247e+09
-1.71397e+10
-3.21932e+10
-5.98453e+10
-1.0774e+11
-1.75039e+11
-2.1256e+11
-9.68877e+10
9.66354e+10
1.29571e+11
7.02752e+10
2.18079e+10
6.33706e+09
-4.80438e+11
-5.8159e+10
4.66467e+11
4.33151e+11
3.05999e+11
2.14118e+11
1.48161e+11
1.00524e+11
6.72169e+10
4.41822e+10
2.87628e+10
1.85749e+10
1.18921e+10
7.48068e+09
4.48339e+09
2.30945e+09
4.75224e+08
-1.1379e+09
-3.22261e+09
-5.92517e+09
-9.78147e+09
-1.53748e+10
-2.32477e+10
-3.44338e+10
-4.88882e+10
-6.82518e+10
-9.52813e+10
-1.3508e+11
-1.93903e+11
-2.79219e+11
-4.01726e+11
-4.80438e+11
-4.80437e+11
-5.81583e+10
4.66467e+11
4.33151e+11
3.05999e+11
2.14118e+11
1.48161e+11
1.00524e+11
6.72168e+10
4.41822e+10
2.87628e+10
1.85749e+10
1.18921e+10
7.48068e+09
4.48337e+09
2.30941e+09
4.75158e+08
-1.13803e+09
-3.22287e+09
-5.92566e+09
-9.78235e+09
-1.53763e+10
-2.32501e+10
-3.44366e+10
-4.88914e+10
-6.82539e+10
-9.52812e+10
-1.35078e+11
-1.93899e+11
-2.79216e+11
-4.01723e+11
-4.80437e+11
6.34165e+09
1.5951e+10
3.57524e+10
5.1595e+10
5.79244e+10
5.53278e+10
4.74656e+10
3.7811e+10
2.86857e+10
2.09337e+10
1.48897e+10
1.03652e+10
7.05169e+09
4.6253e+09
2.79118e+09
1.28116e+09
-1.94288e+08
-1.9385e+09
-4.58143e+09
-9.04408e+09
-1.71433e+10
-3.22011e+10
-5.98636e+10
-1.07779e+11
-1.75118e+11
-2.12669e+11
-9.68999e+10
9.67558e+10
1.29663e+11
7.03145e+10
2.18218e+10
6.34165e+09
4.80354e+10
2.26713e+10
1.25281e+10
8.48127e+09
7.09208e+09
7.01761e+09
7.98038e+09
9.56093e+09
1.06365e+10
1.06927e+10
9.46611e+09
7.51667e+09
5.44472e+09
3.61037e+09
2.10576e+09
8.38183e+08
-3.63127e+08
-2.02515e+09
-4.50243e+09
-9.19218e+09
-1.85669e+10
-3.80063e+10
-7.92643e+10
-1.67332e+11
-3.51089e+11
-6.3475e+11
-3.11159e+11
6.08053e+11
4.89955e+11
2.36942e+11
1.06919e+11
4.80354e+10
2.99382e+09
-7.17074e+09
-2.18817e+10
-4.47025e+10
-7.66201e+10
-1.03801e+11
-8.17309e+10
1.52085e+10
9.79416e+10
1.03389e+11
7.23588e+10
4.26076e+10
2.30651e+10
1.1829e+10
5.67991e+09
2.30371e+09
3.8969e+08
-1.11891e+09
-2.2858e+09
-3.77452e+09
-5.89819e+09
-9.02163e+09
-1.33791e+10
-1.75271e+10
-1.98796e+10
-1.59834e+10
-4.76125e+09
8.54226e+09
1.62998e+10
1.61713e+10
1.08397e+10
2.99382e+09
-7.36244e+09
-2.13767e+10
-5.08242e+10
-1.15707e+11
-2.67015e+11
-6.37037e+11
-1.17997e+12
2.71708e+11
1.11071e+12
5.16104e+11
2.16296e+11
9.32435e+10
4.06931e+10
1.79153e+10
7.95949e+09
3.19331e+09
2.74518e+08
-2.13954e+09
-3.93146e+09
-5.03464e+09
-5.18528e+09
-4.3223e+09
-2.75349e+09
-1.21827e+08
2.05932e+09
4.11509e+09
5.53762e+09
6.05675e+09
5.47937e+09
3.56313e+09
-2.4308e+08
-7.36244e+09
5.72942e+09
-2.5863e+09
-1.18419e+10
-2.19323e+10
-3.13337e+10
-3.47785e+10
-2.55764e+10
-5.62942e+09
9.29011e+09
5.61683e+09
-1.51909e+10
-4.0303e+10
-4.7483e+10
-1.65773e+10
3.18006e+10
5.14382e+10
3.73131e+10
1.18312e+10
-1.05383e+10
-2.49094e+10
-2.99214e+10
-2.51063e+10
-1.16935e+10
6.4254e+09
2.32672e+10
3.42659e+10
3.79152e+10
3.55215e+10
2.94614e+10
2.18012e+10
1.37605e+10
5.72942e+09
1.55463e+10
-1.83705e+09
-1.56005e+10
-2.55793e+10
-3.09302e+10
-3.07196e+10
-2.57251e+10
-2.06689e+10
-2.53036e+10
-6.02624e+10
-1.65525e+11
-4.51579e+11
-1.21523e+12
-1.02019e+12
1.51587e+12
9.08017e+11
3.06016e+11
6.37903e+10
-6.2027e+10
-1.47839e+11
-2.1474e+11
-2.4656e+11
-1.61408e+11
7.52123e+10
2.37052e+11
2.4466e+11
1.98949e+11
1.47322e+11
1.02035e+11
6.57123e+10
3.75008e+10
1.55463e+10
3.89801e+08
-3.7562e+10
-8.00816e+10
-1.26918e+11
-1.73391e+11
-2.04301e+11
-1.78879e+11
-4.60078e+10
1.19806e+11
1.79877e+11
1.54358e+11
1.02069e+11
6.03285e+10
4.87835e+10
5.2511e+10
3.69765e+10
-7.33288e+09
-7.07634e+10
-1.5042e+11
-2.56298e+11
-4.32176e+11
-8.28197e+11
-1.30389e+12
7.86681e+11
1.08899e+12
5.51476e+11
3.1369e+11
1.95637e+11
1.22639e+11
7.34165e+10
3.56978e+10
3.89801e+08
1.86331e+11
4.35772e+10
-7.66197e+10
-1.92543e+11
-3.45916e+11
-6.68514e+11
-1.57916e+12
-1.07156e+12
2.06866e+12
9.44599e+11
4.53293e+11
2.69296e+11
1.70662e+11
1.05859e+11
6.00085e+10
2.52898e+10
-3.34572e+09
-2.87055e+10
-5.13645e+10
-6.91542e+10
-7.6966e+10
-6.82438e+10
-4.12543e+10
-5.40772e+09
1.31034e+10
-7.53569e+09
-8.24941e+10
-2.01821e+11
-2.26585e+11
8.011e+10
2.84427e+11
1.86331e+11
2.53498e+11
1.04324e+11
1.12366e+10
-4.40065e+10
-7.42592e+10
-8.05281e+10
-5.82875e+10
-1.00469e+10
4.41136e+10
8.10656e+10
9.23496e+10
8.49326e+10
6.86394e+10
5.03232e+10
3.33774e+10
1.89254e+10
7.05457e+09
-2.88772e+09
-1.05025e+10
-1.58371e+10
-1.81732e+10
-1.73389e+10
-1.52406e+10
-1.68344e+10
-3.20583e+10
-7.4967e+10
-1.66958e+11
-3.18797e+11
-3.70984e+11
9.07618e+10
3.87305e+11
2.53498e+11
6.73382e+09
1.91503e+09
-4.12468e+09
-9.09269e+09
-1.15431e+10
-1.08233e+10
-7.06582e+09
-1.25834e+09
5.49598e+09
1.09408e+10
1.43795e+10
1.53815e+10
1.42305e+10
1.14287e+10
7.29702e+09
1.63627e+09
-6.52691e+09
-2.02101e+10
-4.31385e+10
-8.17507e+10
-1.35175e+11
-1.64965e+11
-7.31213e+10
1.02194e+11
1.56467e+11
1.11452e+11
5.84099e+10
2.48284e+10
1.01638e+10
7.46724e+09
8.27959e+09
6.73382e+09
1.5e+09
-5.29973e+08
-1.89795e+09
-2.81812e+09
-3.5214e+09
-4.05063e+09
-4.444e+09
-4.70636e+09
-3.99253e+09
-2.82811e+09
-5.62743e+08
2.10593e+09
4.07851e+09
4.35334e+09
2.37842e+09
-2.43221e+09
-1.17863e+10
-3.06854e+10
-6.99407e+10
-1.55269e+11
-3.41164e+11
-6.8022e+11
-4.86098e+11
6.78221e+11
5.95013e+11
2.8493e+11
1.29867e+11
5.93029e+10
2.71078e+10
1.21934e+10
5.08803e+09
1.5e+09
6.2818e+08
-7.06761e+08
-2.27679e+09
-4.52877e+09
-8.47737e+09
-1.56393e+10
-2.84154e+10
-4.95334e+10
-7.77299e+10
-9.76237e+10
-6.91577e+10
1.7722e+10
8.33291e+10
8.46849e+10
5.77496e+10
3.22409e+10
1.47795e+10
3.66687e+09
-4.84843e+09
-1.17259e+10
-1.56952e+10
-1.2961e+10
-1.40655e+09
1.33375e+10
2.28364e+10
2.34565e+10
1.87088e+10
1.28321e+10
7.96122e+09
4.52267e+09
2.22324e+09
6.2818e+08
2.38469e+08
-1.22624e+09
-3.42164e+09
-7.26303e+09
-1.47482e+10
-3.01621e+10
-6.32644e+10
-1.37446e+11
-3.13163e+11
-7.57233e+11
-1.31409e+12
5.5466e+11
1.12568e+12
4.69224e+11
1.83873e+11
7.42112e+10
3.36451e+10
2.28799e+10
2.2014e+10
2.38301e+10
2.45014e+10
2.3302e+10
2.07577e+10
1.75584e+10
1.43051e+10
1.12403e+10
8.52128e+09
6.21437e+09
4.32087e+09
2.78133e+09
1.47916e+09
2.38469e+08
1.01261e+09
-6.34566e+08
-2.53812e+09
-5.24866e+09
-9.37807e+09
-1.58903e+10
-2.59006e+10
-4.00269e+10
-5.7022e+10
-7.06556e+10
-7.35561e+10
-6.83155e+10
-7.12772e+10
-8.98558e+10
-1.08938e+11
-1.01038e+11
-4.41441e+10
4.711e+10
1.16437e+11
1.3898e+11
1.28551e+11
1.04634e+11
7.89576e+10
5.69574e+10
3.96125e+10
2.69586e+10
1.8054e+10
1.19293e+10
7.74493e+09
4.84292e+09
2.72928e+09
1.01261e+09
1.52331e+09
-2.34746e+08
-1.99839e+09
-4.23473e+09
-7.23308e+09
-1.15153e+10
-1.77266e+10
-2.67109e+10
-4.01726e+10
-5.96365e+10
-8.8887e+10
-1.33382e+11
-2.02468e+11
-3.18407e+11
-5.77154e+11
-1.48402e+12
-4.1233e+12
3.81855e+12
1.82417e+12
6.62272e+11
3.51064e+11
2.20652e+11
1.43929e+11
9.42307e+10
6.11013e+10
3.93747e+10
2.52252e+10
1.60729e+10
1.0145e+10
6.2398e+09
3.55301e+09
1.52331e+09
