32 32 1
4.913e-10 1.70191e-09 5.405e-10
0.000479592
0.0197665
0.00141858
1.7738e-07
5.53029e-10
6.79047e-07
-0.000385681
-0.0382891
-0.00598045
-6.61405e-06
-0.000231752
-0.000523961
-5.454e-05
6.18833e-05
3.92722e-05
0.0636454
62.8044
107.981
0.323472
1.6883e-06
-7.71929e-08
-1.77205e-05
0.00783362
0.0302284
0.000191069
1.54681e-05
0.000156155
7.72791e-05
-0.00010134
-0.000290229
-4.09167e-05
0.000479592
0.000293724
0.0121061
0.000868819
1.08638e-07
3.60462e-10
4.42208e-07
-0.00027285
-0.0268968
-0.00420354
-6.19272e-06
-0.000231916
-0.000524184
-5.55422e-05
4.94909e-05
3.14055e-05
3.65411e-05
0.0350778
0.0603103
0.000180667
9.33028e-10
-5.54157e-08
-1.28566e-05
0.00532987
0.0205892
0.000129835
9.52208e-06
9.61539e-05
4.75639e-05
-6.39754e-05
-0.000183104
-2.58104e-05
0.000293724
-0.000126087
-0.00519681
-0.000372959
-4.6635e-08
-9.50098e-11
-1.17543e-07
2.17428e-05
0.0025701
0.000981822
0.522431
23.5108
53.1445
6.03398
0.034423
1.71804e-05
3.40347e-05
0.0333553
0.0573489
0.000171796
8.98965e-10
1.29108e-08
3.18705e-06
-0.000834235
-0.00328798
-2.05244e-05
-3.93434e-06
-3.96944e-05
-1.96025e-05
2.76645e-05
7.9133e-05
1.1158e-05
-0.000126087
-0.000463957
-0.0191244
-0.0013725
-1.71618e-07
-5.17706e-10
-6.3541e-07
0.000378799
0.037435
0.005847
9.81195e-06
0.000376812
0.000851807
9.28619e-05
-4.77941e-05
-3.04091e-05
1.03574e-05
0.0111688
0.0192028
5.75243e-05
3.2444e-10
1.34535e-07
3.38781e-05
-0.00722127
-0.0286178
-0.000176051
-1.49449e-05
-0.000150973
-7.43563e-05
0.000117889
0.000336457
4.74299e-05
-0.000463957
-0.00045235
-0.0186482
-0.00133832
-1.67345e-07
-6.11357e-10
-7.46928e-07
0.000615967
0.0593491
0.00927366
7.64229e-08
-0.000102121
-0.00023087
-3.47171e-05
-0.000106824
-6.71773e-05
-9.34355e-06
-0.00712341
-0.0122475
-3.66889e-05
5.90531e-07
0.0032767
0.912936
12.7654
8.94022
0.316827
0.000547405
-0.00015068
-7.39505e-05
0.000134156
0.00038208
5.38585e-05
-0.00045235
-7.26927e-05
-0.00299294
-0.000214793
-2.68579e-08
-2.58223e-10
-3.11347e-07
0.000482755
0.045046
0.00704111
-2.06242e-06
-0.000175726
-0.0003973
-5.42559e-05
-0.00011497
-7.22702e-05
-1.61685e-05
-0.0136983
-0.023552
-7.05529e-05
2.14468e-10
3.23298e-06
0.000897606
0.00583509
-0.0164536
0.00014794
-2.32568e-06
-2.90597e-05
-1.49363e-05
-1.16389e-05
-3.16225e-05
-4.46228e-06
-7.26927e-05
0.00220158
0.017005
0.00122035
1.52593e-07
3.88769e-10
4.71978e-07
-0.000551849
-0.0520911
-0.00813755
-4.36498e-06
-0.000101909
-0.000230414
-2.69869e-05
-1.0497e-05
-6.55578e-06
-9.36351e-06
-0.0090341
-0.0155326
-4.65299e-05
-2.53008e-10
-5.71559e-08
-1.29017e-05
0.00627189
0.0241502
0.000153033
1.32198e-05
0.0001437
0.0114905
0.638324
1.79166
0.252596
0.00220158
0.00111271
0.025819
0.00185294
2.31693e-07
9.49629e-10
7.93549e-06
0.347828
31.1912
4.87437
0.00132776
1.3505e-05
3.05854e-05
2.31306e-05
0.00024657
0.000155231
5.55523e-06
0.000637539
0.00109613
3.28359e-06
2.2723e-11
3.03272e-08
2.27901e-05
0.030912
0.115268
0.000753715
2.12277e-05
0.000216812
0.00321137
0.173396
0.486685
0.0686149
0.00111271
0.000346971
0.0142722
0.00102427
1.28075e-07
9.47586e-10
1.22242e-06
0.00235342
0.204713
0.0319908
1.09661e-05
8.90328e-05
0.000201445
6.49358e-05
0.000527681
0.000332201
1.84187e-05
0.00780698
0.0134227
4.02095e-05
2.19555e-10
5.42921e-08
0.000714185
1.50119
5.61411
0.0365893
1.3307e-05
0.000129991
6.89332e-05
0.000172215
0.000478649
6.74927e-05
0.000346971
-0.00030452
-0.0125481
-0.000900535
-1.12604e-07
-7.60316e-11
-7.87611e-08
0.000803779
0.0725879
0.011341
5.00413e-06
9.19103e-05
0.0231816
5.73616
71.9054
45.2749
1.43189
0.0104299
0.0140218
4.20035e-05
2.25775e-10
3.63226e-08
-1.05807e-05
-0.0443099
-0.166172
-0.00108015
-9.55029e-06
-9.62681e-05
-4.80318e-05
4.02228e-05
0.000116429
1.64088e-05
-0.00030452
-0.000878382
-0.0361771
-0.00259631
-3.24645e-07
-2.54784e-09
-3.1687e-06
-0.000265527
-0.00671214
-0.00105213
-4.8571e-07
2.46799e-05
5.56715e-05
-3.00445e-05
-0.000456032
-0.000287136
-6.47806e-06
0.00256786
0.00441502
1.32258e-05
6.94901e-11
2.47192e-09
2.12572e-06
0.00309138
0.0115191
7.50069e-05
-3.25641e-05
-0.00032855
-0.000167076
-3.67361e-05
-9.11385e-05
-1.28736e-05
-0.000878382
-0.00084676
-0.0348726
-0.00250269
-3.05511e-07
0.000183832
0.228534
14.2699
44.7157
7.04457
0.0557936
-2.47078e-05
-0.000105917
5.19838e-06
0.000215923
0.000135979
1.46755e-08
-0.00422872
-0.00727058
-2.17799e-05
-1.18119e-10
-2.49766e-08
-5.57286e-07
0.0136471
0.0513358
0.000332368
-3.5637e-05
-0.000359567
-0.000183117
-5.42164e-05
-0.000139108
-1.96394e-05
-0.00084676
5.87107e-05
0.00242214
0.000173829
2.1736e-08
6.63348e-09
8.23723e-06
3.7254e-05
-0.0412167
-0.00643703
-1.51312e-06
-7.67491e-05
-0.000173413
7.91866e-06
0.000346091
0.000217934
-4.57157e-07
-0.00725101
-0.0124669
-3.73462e-05
-2.00632e-10
-3.17045e-08
-3.23928e-06
0.011891
0.0448616
0.00028996
8.15512e-06
8.22765e-05
4.10914e-05
-3.20506e-05
-9.29568e-05
-1.3106e-05
5.87107e-05
0.00159453
0.06568
0.00471364
5.89398e-07
1.31e-09
1.62434e-06
-0.00011293
-0.0189114
-0.00295191
-1.48171e-06
-4.7841e-05
-0.000108117
3.13973e-06
0.000193234
0.000121667
-8.47741e-07
-0.00463223
-0.00796434
-2.38582e-05
-1.27589e-10
-1.69746e-08
-2.52464e-06
0.00467261
0.0176968
0.00467586
0.916422
9.24723
4.68685
0.119311
0.000132793
-2.72336e-06
0.00159453
0.00282717
0.11645
0.00835727
1.045e-06
-5.36706e-10
-6.64946e-07
8.52598e-05
0.0112652
0.00176198
6.55255e-07
1.49543e-05
3.37774e-05
-3.62744e-07
-5.26103e-05
-3.31394e-05
3.21772e-07
0.00135177
0.00232414
6.96225e-06
3.77428e-11
7.65621e-09
6.08074e-07
-0.00324188
-0.0122054
-6.11702e-05
0.00355483
0.0358702
0.0181806
0.000476618
3.91966e-05
5.55052e-06
0.00282717
-0.00107646
-0.0443427
-0.00318234
-3.97922e-07
-1.40105e-09
-1.7348e-06
0.000247986
0.0316482
0.00494408
2.36478e-06
6.43454e-05
0.000145402
-1.59175e-06
-0.000226857
-0.000142842
1.68608e-06
0.00612004
0.0105224
3.15212e-05
1.69119e-10
2.57592e-08
3.31004e-06
-0.00820441
-0.0309986
-0.000200279
-5.14999e-05
-0.00051965
-0.000262928
1.75477e-05
6.80479e-05
9.54729e-06
-0.00107646
-0.00107646
-0.0443427
-0.00318234
-3.97922e-07
-1.40117e-09
-1.7348e-06
0.000247558
0.0315944
0.00493327
2.35809e-06
6.42132e-05
0.000145119
-1.69709e-06
-0.000227764
-0.000143393
1.66929e-06
0.00612005
0.0105224
3.15212e-05
1.69065e-10
2.57592e-08
3.32003e-06
-0.00818712
-0.0309495
-0.00020006
-5.14543e-05
-0.000519018
-0.000262519
1.76027e-05
6.82584e-05
9.58988e-06
-0.00107646
0.00282717
0.11645
0.00835727
1.045e-06
-5.36652e-10
-6.6496e-07
8.41587e-05
0.0111337
0.0017363
6.39929e-07
1.46567e-05
3.31377e-05
-6.0393e-07
-5.47233e-05
-3.44386e-05
2.81663e-07
0.00135177
0.00232414
6.96225e-06
3.77492e-11
7.6562e-09
6.3177e-07
-0.0031998
-0.012081
-6.04886e-05
0.00357034
0.0360102
0.0182432
0.000478129
3.97734e-05
5.66023e-06
0.00282717
0.00159453
0.06568
0.00471364
5.89398e-07
1.31013e-09
1.62432e-06
-0.000114186
-0.0190439
-0.00297571
-1.4945e-06
-4.80771e-05
-0.000108628
2.94467e-06
0.000191451
0.000120525
-8.84505e-07
-0.00463223
-0.00796434
-2.38582e-05
-1.27621e-10
-1.69746e-08
-2.503e-06
0.00471408
0.0178332
0.00467267
0.915202
9.23063
4.67627
0.118986
0.000133042
-2.59879e-06
0.00159453
5.87111e-05
0.00242214
0.000173829
2.1736e-08
6.63343e-09
8.23722e-06
3.66013e-05
-0.0412587
-0.006441
-1.51305e-06
-7.67331e-05
-0.000173386
7.95468e-06
0.000346361
0.000218005
-4.58012e-07
-0.00725101
-0.0124669
-3.73462e-05
-2.00618e-10
-3.17046e-08
-3.23719e-06
0.0119011
0.0449205
0.00029048
7.87632e-06
7.94944e-05
3.97009e-05
-3.18949e-05
-9.2466e-05
-1.30431e-05
5.87111e-05
-0.000846761
-0.0348726
-0.00250269
-3.05511e-07
0.000183832
0.228534
14.2699
44.7159
7.04459
0.0557936
-2.44302e-05
-0.000105325
5.53681e-06
0.000219232
0.000137972
7.48478e-08
-0.00422872
-0.00727058
-2.17799e-05
-1.18278e-10
-2.49767e-08
-5.85236e-07
0.0136021
0.0512236
0.000332002
-3.57598e-05
-0.000360691
-0.000183627
-5.42452e-05
-0.000139393
-1.97129e-05
-0.000846761
-0.000878384
-0.0361771
-0.00259631
-3.24645e-07
-2.54789e-09
-3.16866e-06
-0.000262993
-0.00644811
-0.00100513
-4.63377e-07
2.50243e-05
5.64187e-05
-2.96275e-05
-0.00045148
-0.000284057
-6.37394e-06
0.00256786
0.00441502
1.32258e-05
6.94129e-11
2.47184e-09
2.07134e-06
0.00298507
0.0111605
7.29244e-05
-3.25281e-05
-0.000328142
-0.000166853
-3.71432e-05
-9.25526e-05
-1.31088e-05
-0.000878384
-0.000304522
-0.0125481
-0.000900535
-1.12604e-07
-7.60241e-11
-7.86789e-08
0.000807566
0.0728876
0.0113816
5.01646e-06
9.20622e-05
0.0232413
5.74565
71.9577
45.2658
1.43028
0.0104252
0.0140218
4.20035e-05
2.25798e-10
3.63226e-08
-1.06156e-05
-0.0444212
-0.166724
-0.00108464
-9.4402e-06
-9.51883e-05
-4.75143e-05
3.94698e-05
0.000114288
1.61082e-05
-0.000304522
0.000346972
0.0142722
0.00102427
1.28075e-07
9.4774e-10
1.22247e-06
0.00235374
0.204548
0.031935
1.09371e-05
8.88013e-05
0.000200967
6.47906e-05
0.000525886
0.000330701
1.83595e-05
0.00780698
0.0134227
4.02095e-05
2.19558e-10
5.42886e-08
0.000710824
1.49545
5.59816
0.0365213
1.33947e-05
0.000130825
6.93187e-05
0.000171837
0.000478054
6.74783e-05
0.000346972
0.0011108
0.025819
0.00185294
2.31693e-07
9.49546e-10
7.93326e-06
0.347371
31.1195
4.85837
0.0013221
1.30109e-05
2.95207e-05
2.31684e-05
0.000248278
0.000156177
5.58103e-06
0.00063754
0.00109613
3.28359e-06
2.26478e-11
3.0327e-08
2.27513e-05
0.0308537
0.115143
0.000753516
2.12382e-05
0.000216868
0.00318771
0.172232
0.483868
0.068281
0.0011108
0.00221443
0.017005
0.00122035
1.52593e-07
3.88835e-10
4.72092e-07
-0.000545818
-0.051535
-0.00804828
-4.34882e-06
-0.000102305
-0.000231312
-2.69735e-05
-8.91203e-06
-5.47187e-06
-9.32653e-06
-0.0090341
-0.0155326
-4.65299e-05
-2.53078e-10
-5.7156e-08
-1.29338e-05
0.00620113
0.0238787
0.000151218
1.316e-05
0.00014314
0.0115297
0.641124
1.80119
0.254175
0.00221443
-7.2698e-05
-0.00299294
-0.000214793
-2.68579e-08
-2.58334e-10
-3.11254e-07
0.000486773
0.04534
0.00707668
-2.05142e-06
-0.000175579
-0.000397059
-5.42096e-05
-0.000114365
-7.17388e-05
-1.61469e-05
-0.0136983
-0.023552
-7.05529e-05
2.14649e-10
3.23298e-06
0.000897592
0.00579544
-0.016645
0.000146411
-2.40228e-06
-2.97943e-05
-1.53226e-05
-1.3523e-05
-3.69066e-05
-5.20998e-06
-7.2698e-05
-0.000452352
-0.0186482
-0.00133832
-1.67345e-07
-6.11237e-10
-7.46898e-07
0.000616967
0.0593908
0.00927271
9.63994e-08
-0.000101168
-0.000228825
-3.4525e-05
-0.000107035
-6.72277e-05
-9.34252e-06
-0.00712341
-0.0122475
-3.66889e-05
5.9053e-07
0.0032767
0.912936
12.7654
8.94018
0.316826
0.000547369
-0.000151017
-7.41236e-05
0.000133395
0.000380164
5.3618e-05
-0.000452352
-0.000463956
-0.0191244
-0.0013725
-1.71618e-07
-5.17728e-10
-6.35438e-07
0.000377388
0.0373092
0.00582747
9.84046e-06
0.00037845
0.000855775
9.33022e-05
-4.83501e-05
-3.07949e-05
1.03441e-05
0.0111688
0.0192028
5.75244e-05
3.24491e-10
1.34535e-07
3.38882e-05
-0.00719876
-0.0285308
-0.000175465
-1.49174e-05
-0.000150704
-7.42181e-05
0.000118262
0.000337607
4.7608e-05
-0.000463956
-0.000126084
-0.00519681
-0.000372959
-4.6635e-08
-9.4997e-11
-1.17596e-07
1.93756e-05
0.00239231
0.000958179
0.521554
23.4822
53.1045
6.03223
0.0344284
1.67546e-05
3.40176e-05
0.0333553
0.0573489
0.000171796
8.99003e-10
1.29108e-08
3.19771e-06
-0.000804259
-0.00314928
-1.94467e-05
-3.86842e-06
-3.90606e-05
-1.92809e-05
2.85676e-05
8.16258e-05
1.15065e-05
-0.000126084
0.000293726
0.0121061
0.000868819
1.08638e-07
3.60438e-10
4.42168e-07
-0.000274557
-0.0270182
-0.00421758
-6.20837e-06
-0.000232645
-0.000526137
-5.58101e-05
4.92068e-05
3.11382e-05
3.65298e-05
0.0350778
0.0603103
0.000180667
9.32966e-10
-5.54158e-08
-1.28502e-05
0.00535001
0.0206885
0.000130639
9.57508e-06
9.66616e-05
4.78202e-05
-6.32786e-05
-0.000181222
-2.55533e-05
0.000293726
0.000479592
0.0197665
0.00141858
1.7738e-07
5.53022e-10
6.79047e-07
-0.000385681
-0.0382891
-0.00598045
-6.61405e-06
-0.000231752
-0.000523961
-5.454e-05
6.18833e-05
3.92722e-05
0.0636454
62.8044
107.981
0.323472
1.6883e-06
-7.71929e-08
-1.77205e-05
0.00783362
0.0302284
0.000191069
1.54681e-05
0.000156155
7.72791e-05
-0.00010134
-0.000290229
-4.09167e-05
0.000479592
