32 32 1
5.405e-10 4.913e-10 1.70191e-09
1.75488e-11
7.65734e-07
0.000894166
0.027958
0.0234067
0.000591209
0.00990108
0.0394702
0.00421325
1.20423e-05
9.21601e-10
6.51331e-15
-8.14164e-15
4.41129e-14
1.23013e-13
6.9574e-15
6.06922e-15
-1.15463e-14
-1.06581e-14
-1.93919e-14
-9.76996e-15
7.84558e-15
-1.39148e-14
2.22045e-15
-3.15303e-14
8.14164e-15
-2.96059e-16
8.24526e-14
1.13539e-13
-1.4951e-14
-3.55271e-15
1.75483e-11
-5.03301e-15
2.72378e-10
3.1805e-07
9.9445e-06
8.32562e-06
2.10312e-07
3.52503e-06
1.40524e-05
1.50002e-06
4.28737e-09
3.25665e-13
1.77636e-15
-1.77636e-15
6.80937e-15
-1.39148e-14
2.07242e-15
5.4771e-15
3.64153e-14
7.84558e-15
8.88178e-15
1.43589e-14
-1.77636e-15
-3.55271e-15
4.88498e-15
1.36187e-14
3.84877e-15
1.77636e-15
8.88178e-16
1.33227e-14
-7.25346e-15
1.67274e-14
-7.40149e-16
5.92119e-15
1.92439e-15
5.68242e-12
1.77669e-10
1.48753e-10
3.75359e-12
6.30225e-11
2.51292e-10
2.68684e-11
7.35708e-14
-1.37668e-14
-1.16943e-14
1.9688e-14
9.76996e-15
1.21384e-14
-5.77316e-15
9.76996e-15
1.4803e-14
-6.06922e-15
-1.77636e-15
5.4771e-15
-1.09542e-14
-2.39808e-14
-4.58892e-15
3.41949e-14
2.38328e-14
-1.09542e-14
4.14483e-15
5.92119e-16
9.62193e-15
-2.91619e-14
4.44089e-15
1.52471e-14
1.5099e-14
-3.84877e-15
4.14483e-15
-6.9574e-15
-1.39148e-14
9.02981e-15
4.29286e-15
2.0132e-14
2.51651e-15
-5.32907e-15
-2.51651e-15
-3.55271e-15
4.73695e-15
2.23525e-14
9.49611e-13
4.70602e-10
6.26887e-09
2.23593e-09
2.13453e-11
9.62193e-15
1.02141e-14
2.03038e-12
7.09609e-10
6.64749e-09
1.66745e-09
1.11782e-11
6.36528e-15
-5.03301e-15
-6.80937e-15
-9.17784e-15
8.73375e-15
1.18424e-14
-1.92439e-15
2.66454e-15
-2.51651e-15
0
-1.03621e-15
6.66134e-15
-5.62513e-15
-3.40468e-15
1.34707e-14
6.9574e-15
-1.02141e-14
3.04941e-14
-4.44089e-15
1.24567e-12
2.34134e-08
1.16477e-05
0.000155155
5.53393e-05
5.28506e-07
1.35144e-10
3.84566e-12
5.01969e-08
1.75623e-05
0.000164526
4.127e-05
2.77192e-07
4.98536e-11
3.25665e-15
7.40149e-16
8.43769e-15
1.27306e-14
-1.16943e-14
5.03301e-15
-4.58892e-15
1.03621e-15
1.62833e-15
-5.77316e-15
-7.84558e-15
-1.62833e-15
8.14164e-15
-5.92119e-15
-1.42109e-14
-1.43589e-14
-3.25665e-15
-1.19904e-14
1.56662e-09
2.91069e-05
0.0144801
0.192883
0.0687961
0.000657022
1.68013e-07
4.77696e-09
6.24031e-05
0.0218329
0.204534
0.0513055
0.000344596
6.1973e-08
3.06718e-13
-2.36848e-15
1.05101e-14
-2.0132e-14
-7.40149e-15
8.88178e-16
-1.30266e-14
1.65793e-14
-5.03301e-15
1.55431e-14
-8.58572e-15
-1.28786e-14
5.32907e-15
-4.88498e-15
-2.22045e-15
8.73375e-15
1.9836e-14
1.67718e-13
9.7825e-08
0.00181752
0.90418
12.0442
4.29583
0.0410264
1.04912e-05
2.98288e-07
0.00389664
1.36331
12.7717
3.20367
0.0215176
3.86978e-06
1.86637e-11
-1.4803e-15
1.79116e-14
-4.29286e-15
-9.17784e-15
8.73375e-15
2.60532e-14
6.06922e-15
-4.58892e-15
-9.02981e-15
-6.51331e-15
-3.10862e-15
-7.69755e-15
-1.4803e-15
3.15303e-14
4.32247e-14
7.46817e-11
7.81903e-09
3.28743e-07
0.00570054
2.83591
37.7759
13.4736
0.128677
3.29051e-05
9.35561e-07
0.0122216
4.27595
40.0576
10.0481
0.0674886
1.21512e-05
1.65854e-08
5.28604e-10
4.78284e-13
-4.88498e-15
1.84741e-13
-1.18424e-14
-1.77636e-15
-9.4739e-15
1.77636e-15
-6.80937e-15
1.28786e-14
-4.88498e-15
1.36187e-14
5.92119e-16
-9.62193e-15
3.40756e-10
1.33253e-06
0.000139528
0.000391242
0.00092743
0.446769
5.95121
2.12263
0.0202717
5.18387e-06
1.47388e-07
0.00192538
0.673633
6.31068
1.58298
0.0106377
0.00024872
0.000294798
9.42839e-06
8.07416e-09
1.81632e-13
1.65869e-10
4.11523e-14
4.98268e-13
1.58605e-11
1.32784e-11
3.21373e-13
5.58694e-12
2.22582e-11
2.39571e-12
5.92119e-16
2.07064e-12
3.0544e-07
0.00119444
0.125068
0.350653
0.0263313
0.00358822
0.0470923
0.0167965
0.000160411
4.10202e-08
1.16629e-09
1.52357e-05
0.0053305
0.0499368
0.0125292
0.00504118
0.221127
0.264125
0.00844737
7.23405e-06
1.65878e-10
7.46492e-09
4.29264e-11
5.01232e-08
1.56721e-06
1.31208e-06
3.31218e-08
5.5219e-07
2.20128e-06
2.34976e-07
6.71619e-10
9.42018e-11
1.3752e-05
0.0537777
5.63101
15.7876
1.18521
0.00238382
1.88457e-05
6.67601e-06
6.37578e-08
1.63044e-11
4.72215e-13
6.05563e-09
2.11868e-06
1.98502e-05
0.000138881
0.22308
9.95132
11.8863
0.380154
0.000325551
7.46493e-09
1.68788e-08
2.13074e-07
0.000248812
0.00777962
0.00651317
0.000164434
0.00274362
0.0109373
0.0011675
3.33697e-06
4.68323e-10
3.10998e-05
0.121617
12.7344
35.7034
2.68032
0.00538779
2.90363e-07
1.33701e-10
1.24863e-12
-1.9836e-14
-1.5099e-14
9.60713e-14
4.23176e-11
5.26091e-09
0.000302677
0.504258
22.4943
26.8682
0.859312
0.000735886
1.68789e-08
3.13407e-09
5.31272e-05
0.0620379
1.93974
1.62397
0.0410036
0.684719
2.7296
0.291371
0.0008328
6.37597e-08
3.53268e-06
0.0138147
1.44652
4.05561
0.304462
0.000612008
3.29403e-08
4.23365e-14
-6.66134e-15
-6.36528e-15
-8.43769e-15
-7.69755e-15
1.06581e-14
5.52318e-10
3.43657e-05
0.0572529
2.55398
3.05059
0.0975655
8.35518e-05
3.13407e-09
1.52677e-08
0.00066536
0.776957
24.2932
20.3385
0.513579
8.5833
34.217
3.65249
0.0104396
7.98958e-07
2.01576e-08
7.8821e-05
0.00825326
0.0231396
0.00173713
3.49187e-06
1.87899e-10
2.29446e-14
-1.31746e-14
1.67274e-14
2.59052e-14
-2.81256e-15
2.42769e-14
3.10019e-12
1.95985e-07
0.00032651
0.0145652
0.0173973
0.00055641
4.76491e-07
1.52677e-08
9.59745e-09
0.000418552
0.488754
15.2819
12.7942
0.323106
5.40444
21.5445
2.29977
0.00657323
5.0306e-07
6.7959e-12
2.25889e-08
2.36526e-06
6.63147e-06
4.97837e-07
1.00076e-09
9.08903e-14
1.12503e-14
-7.10543e-15
7.54952e-15
1.61352e-14
-1.87998e-14
1.42109e-14
2.22045e-14
5.61688e-11
9.35295e-08
4.17223e-06
4.9835e-06
1.59385e-07
1.36498e-10
9.59743e-09
3.03256e-10
1.3225e-05
0.0154432
0.482863
0.404258
0.0102103
0.170923
0.681376
0.0727335
0.000207888
1.591e-08
6.43929e-14
3.15303e-13
3.40258e-11
9.54194e-11
7.15161e-12
1.05101e-14
-1.74675e-14
6.9574e-15
-1.33227e-14
5.92119e-16
7.25346e-15
-1.4803e-16
1.33227e-14
-6.06922e-15
2.66454e-15
1.35388e-12
6.0025e-11
7.16791e-11
2.29579e-12
1.62833e-15
3.0325e-10
4.67034e-13
2.09893e-08
2.45097e-05
0.000766346
0.000641592
1.62063e-05
0.000271521
0.00108241
0.000115541
3.30242e-07
2.52907e-11
1.92439e-15
-2.16123e-14
3.9968e-15
9.76996e-15
-5.03301e-15
1.62833e-15
2.20564e-14
7.25346e-15
-1.61352e-14
1.05101e-14
8.43769e-15
1.11022e-14
1.21384e-14
4.29286e-15
5.92119e-16
-8.58572e-15
-1.4803e-15
-2.07242e-15
-1.33227e-14
1.71714e-14
4.61261e-13
6.06922e-15
1.67969e-12
1.95384e-09
6.10913e-08
5.11462e-08
1.29207e-09
2.16651e-08
8.63669e-08
9.21922e-09
2.63412e-11
1.77636e-15
-2.42769e-14
-6.51331e-15
7.54952e-15
3.70074e-15
-1.15463e-14
7.99361e-15
1.45069e-14
1.62833e-15
-1.33227e-15
2.36848e-15
2.32407e-14
7.10543e-15
9.91799e-15
2.02801e-14
-2.05761e-14
6.36528e-15
-4.44089e-16
1.92439e-14
2.87178e-14
-5.62513e-15
1.92439e-15
-8.73375e-15
-9.91799e-15
1.70234e-14
2.52539e-13
2.03541e-13
7.69755e-15
7.20905e-14
3.76736e-13
4.08562e-14
-9.62193e-15
-5.77316e-15
1.0066e-14
-1.06581e-14
-1.62833e-14
-5.92119e-16
4.58892e-15
9.542e-13
1.29391e-11
4.61601e-12
4.36688e-14
-8.28967e-15
-5.77316e-15
-1.42109e-14
1.46342e-12
1.37459e-11
3.45205e-12
1.92439e-15
4.58892e-15
1.21384e-14
8.73375e-15
-6.36528e-15
-2.69414e-14
-1.05101e-14
-1.5099e-14
2.07242e-15
2.08722e-14
3.25665e-14
-3.52311e-14
9.17784e-15
1.67274e-14
1.09542e-14
-1.13983e-14
-1.33227e-15
8.58572e-15
7.10543e-15
2.51651e-15
4.58892e-15
2.16302e-10
1.07605e-07
1.43337e-06
5.11242e-07
4.8825e-09
1.24212e-12
4.04121e-14
4.63728e-10
1.62246e-07
1.51994e-06
3.81265e-07
2.56078e-09
4.69106e-13
1.06581e-14
4.33727e-14
1.03621e-15
-2.45729e-14
-6.9574e-15
7.40149e-15
-1.03621e-15
7.99361e-15
-3.9968e-15
-1.71714e-14
1.89478e-14
-1.15463e-14
8.14164e-15
-3.74515e-14
1.33227e-14
1.71714e-14
1.53951e-14
-6.06922e-15
6.45651e-11
1.19981e-06
0.000596881
0.00795079
0.00283583
2.70829e-05
6.92561e-09
1.96913e-10
2.5723e-06
0.00089997
0.00843103
0.00211485
1.42045e-05
2.55458e-09
-1.22865e-14
4.29286e-15
-5.77316e-15
-5.62513e-15
3.70074e-15
-4.44089e-15
-7.25346e-15
4.58892e-15
2.11683e-14
2.96059e-15
-5.32907e-15
-1.30266e-14
1.67274e-14
-2.81256e-15
1.95399e-14
-3.25665e-15
-5.03301e-15
-1.03621e-15
1.79924e-08
0.000334286
0.166301
2.21522
0.790108
0.00754575
1.92959e-06
5.48623e-08
0.000716686
0.250746
2.34902
0.589232
0.00395761
7.11746e-07
3.43503e-12
1.39148e-14
5.18104e-15
1.06581e-14
-4.44089e-15
2.96059e-14
-8.88178e-15
-6.51331e-15
-6.9574e-15
-1.56912e-14
6.66134e-15
-8.73375e-15
1.58392e-14
-1.61352e-14
1.11022e-14
-1.95399e-14
1.94067e-13
1.94427e-11
2.51849e-07
0.00467819
2.32731
31.0011
11.0572
0.1056
2.70038e-05
7.67776e-07
0.0100297
3.50909
32.8736
8.24607
0.0553851
9.96063e-06
8.82527e-11
1.26891e-12
3.53791e-14
-1.76155e-14
7.40149e-15
2.41288e-14
-5.03301e-15
-1.03621e-15
-1.05101e-14
1.11022e-14
2.08722e-14
-1.4803e-16
-4.88498e-15
-3.25665e-15
-8.28967e-15
3.69527e-12
1.44975e-08
1.51802e-06
4.43305e-06
0.00328878
1.63594
21.7917
7.77249
0.0742295
1.89819e-05
5.39695e-07
0.00705023
2.46666
23.108
5.79643
0.038932
9.68743e-06
3.20808e-06
1.02601e-07
8.79041e-11
-2.81256e-15
8.04956e-12
-5.03301e-15
-1.42109e-14
2.41288e-14
6.80937e-15
2.22045e-14
-2.02801e-14
1.56912e-14
7.54952e-15
-5.62513e-15
1.0969e-13
1.48274e-08
5.79831e-05
0.00607135
0.0170222
0.001394
0.0577637
0.769411
0.274428
0.00262086
6.70204e-07
1.90553e-08
0.000248926
0.0870916
0.815885
0.204658
0.00161528
0.0107372
0.0128247
0.000410167
3.51253e-07
8.04882e-12
1.61728e-09
1.84149e-13
2.31734e-10
7.24546e-09
6.06598e-09
1.53118e-10
2.55166e-09
1.01722e-08
1.08582e-09
3.11529e-12
2.03764e-11
2.9787e-06
0.0116483
1.21968
3.41962
0.256718
0.000618472
0.00136455
0.000486686
4.64799e-06
1.18858e-09
3.38053e-11
4.4146e-07
0.000154453
0.00144694
0.000391962
0.0483331
2.15597
2.57519
0.082361
7.05312e-05
1.61726e-09
1.63119e-08
4.3954e-09
5.13258e-06
0.000160481
0.000134356
3.39182e-06
5.65701e-05
0.000225514
2.40725e-05
6.88042e-08
2.11057e-10
3.00568e-05
0.117538
12.3073
34.506
2.59043
0.0052071
4.01813e-07
4.33539e-08
4.14023e-10
1.13095e-13
-6.66134e-15
3.92988e-11
1.37585e-08
1.33594e-07
0.000292626
0.487458
21.7449
25.9731
0.830685
0.00071137
1.63119e-08
8.37575e-09
4.88995e-06
0.00571012
0.178539
0.149474
0.00377387
0.0629939
0.251122
0.0268061
7.66173e-05
5.96796e-09
1.52339e-05
0.059573
6.23782
17.489
1.31293
0.00263916
1.42049e-07
3.9894e-13
-2.56091e-14
7.40149e-16
-1.62833e-15
-6.21725e-15
6.20245e-14
2.38291e-09
0.000148229
0.246948
11.016
13.1581
0.420828
0.000360383
8.37576e-09
6.47603e-09
0.000273255
0.319086
9.97689
8.35274
0.210909
3.52342
14.0459
1.49933
0.00428541
3.27972e-07
3.87825e-07
0.00151661
0.158802
0.445233
0.0334245
6.71875e-05
3.61625e-09
1.21384e-14
1.77636e-15
-1.45069e-14
-1.02141e-14
3.70074e-15
2.04281e-14
6.06216e-11
3.77185e-06
0.00628388
0.280316
0.334822
0.0107084
9.17035e-06
6.47601e-09
1.75872e-08
0.00076698
0.895621
28.0035
23.4447
0.592048
9.89881
39.4612
4.21228
0.0120396
9.21409e-07
4.97798e-10
1.93932e-06
0.000203064
0.00056933
4.27407e-05
8.59143e-08
4.58567e-12
4.26326e-14
3.10862e-15
-2.22045e-15
3.01981e-14
-1.0066e-14
5.03301e-15
7.40149e-14
4.82094e-09
8.03162e-06
0.00035828
0.000427946
1.36868e-05
1.17209e-08
1.75872e-08
2.47946e-09
0.000108132
0.126268
3.94804
3.30534
0.083478
1.39687
5.56856
0.594416
0.00169897
1.30025e-07
2.82589e-13
1.24554e-10
1.30426e-08
3.65674e-08
2.74517e-09
5.52269e-12
1.24345e-14
3.005e-14
3.55271e-15
-1.28786e-14
5.62513e-15
-1.76155e-14
-1.4803e-15
-3.16784e-14
2.93395e-13
5.15633e-10
2.30013e-08
2.74737e-08
8.78665e-10
7.57172e-13
2.47944e-09
1.75477e-11
7.65734e-07
0.000894166
0.027958
0.0234067
0.000591209
0.00990108
0.0394702
0.00421325
1.20423e-05
9.21605e-10
-2.22045e-15
-8.58572e-15
5.41789e-14
1.20348e-13
3.55271e-15
-2.96059e-16
-8.28967e-15
-2.02801e-14
-2.94579e-14
-9.17784e-15
-6.36528e-15
-1.11022e-14
5.62513e-15
-1.9836e-14
1.74675e-14
2.32407e-14
9.54792e-14
1.14575e-13
-1.61352e-14
-1.77636e-15
1.75583e-11
