32 32 1
4.913e-10 1.70191e-09 5.405e-10
-4.35043e-07
-1.54846e-10
-8.14164e-14
3.65633e-14
8.29346e-10
1.03107e-06
6.43828e-05
0.000201933
3.18039e-05
-7.4711e-06
-0.000347628
-0.000785942
-8.181e-05
9.2825e-05
5.87397e-05
1.85686e-06
2.94836e-09
2.15975e-13
-2.73855e-14
-2.08901e-11
-1.15794e-07
-3.22621e-05
-0.000451495
-0.000317371
-1.109e-05
2.31987e-05
0.000234232
0.000115919
-0.00015201
-0.000435343
-6.14055e-05
-4.35043e-07
-2.74379e-07
-9.76675e-11
-5.53631e-14
-5.62513e-14
5.40649e-10
6.72077e-07
4.19665e-05
0.000131625
2.07276e-05
-7.56648e-06
-0.000347875
-0.000786275
-8.33133e-05
7.42363e-05
4.71081e-05
1.49129e-06
2.37127e-09
2.00728e-13
4.24845e-14
-1.49326e-11
-8.31268e-08
-2.31605e-05
-0.000324122
-0.000227836
-7.97316e-06
1.42808e-05
0.000144231
7.13458e-05
-9.59632e-05
-0.000274656
-3.87342e-05
-2.74379e-07
1.18652e-07
4.22341e-11
2.41288e-14
4.11523e-14
-1.42527e-10
-1.77169e-07
-1.10629e-05
-3.46492e-05
0.000869188
0.783647
35.2662
79.7168
9.05097
0.0516344
2.57705e-05
3.50016e-07
5.59442e-10
3.83397e-14
-3.52311e-14
3.44643e-12
1.93667e-08
5.3959e-06
7.55135e-05
5.30809e-05
1.84475e-06
-5.90113e-06
-5.95417e-05
-2.94037e-05
4.14968e-05
0.000118699
1.6745e-05
1.18652e-07
5.04169e-07
1.79349e-10
2.79776e-14
7.63833e-14
-7.76441e-10
-9.6533e-07
-6.02781e-05
-0.000189059
-2.97703e-05
1.2323e-05
0.000565217
0.00127771
0.000139293
-7.16911e-05
-4.56137e-05
-1.44112e-06
-2.28696e-09
-2.29742e-13
-6.21725e-14
3.63105e-11
2.01807e-07
5.62267e-05
0.000786869
0.000553116
1.94174e-05
-2.24141e-05
-0.000226459
-0.000111534
0.000176834
0.000504686
7.11744e-05
5.04169e-07
5.72407e-07
2.03582e-10
-6.01001e-14
-2.10794e-13
-9.1697e-10
-1.13972e-06
-7.11677e-05
-0.000223213
-3.51688e-05
-3.68213e-06
-0.000153182
-0.000346305
-5.20757e-05
-0.000160236
-0.000100766
-3.18734e-06
-5.06406e-09
-4.30619e-13
7.92995e-12
8.86083e-07
0.00491504
1.36941
19.1644
13.4713
0.475637
0.000821112
-0.00022602
-0.000110926
0.000201234
0.00057312
8.08164e-05
5.72407e-07
-4.73772e-08
-1.68094e-11
4.64813e-14
3.80436e-14
-3.87391e-10
-4.81668e-07
-3.00767e-05
-9.43339e-05
-1.48679e-05
-5.97408e-06
-0.000263588
-0.000595949
-8.13839e-05
-0.000172455
-0.000108405
-3.43045e-06
-5.45271e-09
-5.1618e-13
-2.60532e-14
8.74124e-10
4.84947e-06
0.00135114
0.0189087
0.0132915
0.00046927
-3.48572e-06
-4.35896e-05
-2.24044e-05
-1.74583e-05
-4.74338e-05
-6.6888e-06
-4.73772e-08
0.00268313
9.54375e-07
1.70529e-11
6.64654e-14
5.83125e-10
7.24932e-07
4.52669e-05
0.000141977
2.23633e-05
-3.21899e-06
-0.000152863
-0.00034562
-4.04803e-05
-1.57455e-05
-9.83365e-06
-3.12912e-07
-5.00132e-10
-7.17944e-14
5.15143e-14
-1.53757e-11
-8.57376e-08
-2.38879e-05
-0.000334302
-0.000234992
-8.19818e-06
1.9827e-05
0.00021555
0.0172358
0.957486
2.6875
0.378894
0.00268313
0.000728842
2.59245e-07
4.54422e-12
3.89318e-14
1.42405e-09
1.77032e-06
0.000110544
0.000346714
5.46218e-05
8.82617e-07
2.02566e-05
4.5878e-05
3.46959e-05
0.000369854
0.000232847
7.36376e-06
1.16972e-08
1.03162e-12
7.4903e-14
8.23726e-12
4.54733e-08
1.26696e-05
0.000177306
0.000124634
4.55895e-06
3.18287e-05
0.000325218
0.00481705
0.260094
0.730028
0.102922
0.000728842
7.16729e-07
2.54947e-10
3.53791e-14
7.40149e-14
1.42148e-09
1.7672e-06
0.000110349
0.000346103
5.45284e-05
3.39869e-06
0.000133549
0.000302167
9.74037e-05
0.000791521
0.000498302
1.5761e-05
2.50397e-08
1.98019e-12
1.33227e-15
1.45448e-11
8.05867e-08
2.24528e-05
0.000314218
0.000220874
7.8947e-06
1.93375e-05
0.000194986
0.0001034
0.000258323
0.000717974
0.000101217
7.16728e-07
1.74507e-07
6.20752e-11
5.65474e-14
5.89158e-14
-1.14051e-10
-1.41739e-07
-8.85063e-06
-2.77595e-05
-4.36998e-06
2.87413e-06
0.000137865
0.0347724
8.60424
107.858
67.9124
2.14782
0.00341194
2.72244e-07
1.13672e-12
9.83584e-12
5.45092e-08
1.51872e-05
0.000212538
0.0001494
5.20366e-06
-1.4307e-05
-0.000144402
-7.20477e-05
6.03341e-05
0.000174643
2.46325e-05
1.74507e-07
-1.36226e-07
-4.84096e-11
1.4803e-15
-1.38704e-13
-3.82164e-09
-4.75108e-06
-0.000296672
-0.000930493
-0.000146589
-3.37781e-07
3.70198e-05
8.35073e-05
-4.50667e-05
-0.000684048
-0.000430704
-1.36204e-05
-2.16349e-08
-1.71818e-12
-4.5001e-14
7.06842e-13
3.70611e-09
1.03258e-06
1.44505e-05
1.01577e-05
1.15448e-07
-4.88474e-05
-0.000492825
-0.000250614
-5.51041e-05
-0.000136708
-1.92547e-05
-1.36226e-07
-2.08152e-07
-7.3868e-11
-5.77316e-15
1.11413e-08
0.000275748
0.342801
21.4055
67.1371
10.5768
0.0836931
-3.70618e-05
-0.000158876
7.79757e-06
0.000323884
0.000203969
6.44993e-06
1.02447e-08
8.10759e-13
-4.64813e-14
-6.80241e-12
-3.74727e-08
-1.04405e-05
-0.000146111
-0.000102706
-3.8924e-06
-5.34611e-05
-0.000539351
-0.000274675
-8.13246e-05
-0.000208662
-2.94053e-05
-2.08152e-07
-1.39271e-07
-4.95174e-11
4.42609e-14
4.45866e-13
9.95019e-09
1.23698e-05
0.000772405
0.0024226
0.000381654
4.62414e-07
-0.000115124
-0.000260119
1.1878e-05
0.000519137
0.000326901
1.03362e-05
1.64158e-08
1.28653e-12
1.27306e-14
-8.58913e-12
-4.75637e-08
-1.3252e-05
-0.000185457
-0.000130364
-4.54189e-06
1.22277e-05
0.000123415
6.16372e-05
-4.80758e-05
-0.000139435
-1.96627e-05
-1.39271e-07
-2.9873e-08
-1.06179e-11
3.64153e-14
-1.92439e-15
1.96486e-09
2.44278e-06
0.000152534
0.000478414
7.53676e-05
-9.97673e-07
-7.17616e-05
-0.000162175
4.7096e-06
0.000289851
0.000182501
5.76966e-06
9.16197e-09
7.51251e-13
2.07242e-14
-4.56938e-12
-2.54646e-08
-7.09485e-06
-9.92895e-05
-6.8083e-05
0.00684019
1.37463
13.8708
7.03028
0.178966
0.000199189
-4.18621e-06
-2.9873e-08
5.75631e-08
2.0539e-11
6.80937e-15
-1.05841e-13
-8.05345e-10
-1.00111e-06
-6.25125e-05
-0.000196067
-3.08878e-05
2.54161e-07
2.24314e-05
5.0666e-05
-5.44116e-07
-7.89155e-05
-4.97091e-05
-1.57211e-06
-2.49736e-09
-1.46697e-13
2.75335e-14
2.12808e-12
1.14861e-08
3.20021e-06
4.47856e-05
3.14879e-05
2.76545e-05
0.00533225
0.0538054
0.027271
0.000714927
5.87949e-05
8.1464e-06
5.75631e-08
1.01875e-07
3.62245e-11
-3.62673e-14
6.9574e-15
-2.1015e-09
-2.61259e-06
-0.000163138
-0.000511673
-8.06065e-05
1.50648e-06
9.65181e-05
0.000218103
-2.38763e-06
-0.000340285
-0.000214264
-6.77372e-06
-1.07562e-08
-8.06614e-13
-3.40468e-15
6.9232e-12
3.86435e-08
1.07667e-05
0.000150676
0.000105915
3.35503e-06
-7.72464e-05
-0.000779476
-0.000394391
2.63215e-05
0.000102072
1.43892e-05
1.01875e-07
1.02465e-07
3.64251e-11
-5.87678e-14
-8.51171e-14
-2.10158e-09
-2.61259e-06
-0.000163138
-0.000511673
-8.06065e-05
1.50185e-06
9.63198e-05
0.000217678
-2.54563e-06
-0.000341646
-0.00021509
-6.7989e-06
-1.07947e-08
-8.21121e-13
-1.03621e-14
6.95429e-12
3.86435e-08
1.07667e-05
0.000150676
0.000105915
3.35524e-06
-7.7178e-05
-0.000778526
-0.000393779
2.6404e-05
0.000102388
1.44531e-05
1.02465e-07
5.90324e-08
2.10079e-11
-2.88658e-14
1.13835e-13
-8.05262e-10
-1.00111e-06
-6.25125e-05
-0.000196067
-3.08878e-05
2.43748e-07
2.19851e-05
4.97066e-05
-9.05895e-07
-8.2085e-05
-5.16579e-05
-1.63227e-06
-2.59059e-09
-3.2759e-13
-1.53359e-13
2.06916e-12
1.14862e-08
3.20021e-06
4.47856e-05
3.1488e-05
2.77825e-05
0.00535552
0.0540153
0.0273648
0.000717194
5.96601e-05
8.31096e-06
5.90323e-08
-2.83267e-08
-9.96536e-12
4.64813e-14
5.93599e-14
1.96496e-09
2.44278e-06
0.000152534
0.000478414
7.53676e-05
-1.00588e-06
-7.21157e-05
-0.000162942
4.417e-06
0.000287177
0.000180787
5.71451e-06
9.07287e-09
7.96548e-13
5.09222e-14
-4.67315e-12
-2.54646e-08
-7.09485e-06
-9.92895e-05
-6.80837e-05
0.00683424
1.3728
13.846
7.01441
0.178479
0.000199564
-3.99936e-06
-2.83267e-08
-1.3867e-07
-4.94208e-11
1.37668e-14
4.13595e-13
9.95016e-09
1.23698e-05
0.000772405
0.0024226
0.000381654
4.63087e-07
-0.0001151
-0.000260079
1.1932e-05
0.000519542
0.000327008
1.0335e-05
1.64064e-08
1.28297e-12
3.22705e-14
-8.49187e-12
-4.75637e-08
-1.3252e-05
-0.000185457
-0.000130364
-4.54399e-06
1.18095e-05
0.000119242
5.95513e-05
-4.78424e-05
-0.000138699
-1.95684e-05
-1.3867e-07
-2.09288e-07
-7.44443e-11
1.33227e-14
1.11413e-08
0.000275748
0.342801
21.4055
67.1371
10.5768
0.0836931
-3.66453e-05
-0.000157987
8.30521e-06
0.000328848
0.000206958
6.54018e-06
1.03813e-08
8.24378e-13
-1.23457e-13
-6.89167e-12
-3.74728e-08
-1.04405e-05
-0.000146111
-0.000102706
-3.89341e-06
-5.36453e-05
-0.000541037
-0.00027544
-8.13677e-05
-0.000209089
-2.95156e-05
-2.09288e-07
-1.39104e-07
-4.96018e-11
-2.07242e-14
-1.67718e-13
-3.82166e-09
-4.75108e-06
-0.000296672
-0.000930493
-0.000146589
-3.25818e-07
3.75365e-05
8.4628e-05
-4.44412e-05
-0.00067722
-0.000426085
-1.34642e-05
-2.13708e-08
-1.73076e-12
-1.87998e-14
6.53699e-13
3.70611e-09
1.03258e-06
1.44505e-05
1.01577e-05
1.15685e-07
-4.87933e-05
-0.000492213
-0.000250279
-5.57148e-05
-0.000138829
-1.96074e-05
-1.39104e-07
1.71327e-07
6.09823e-11
-4.85538e-14
6.02481e-14
-1.14042e-10
-1.4174e-07
-8.85064e-06
-2.77595e-05
-4.36998e-06
2.87859e-06
0.000138093
0.034862
8.61847
107.936
67.8987
2.1454
0.00340494
2.71433e-07
9.91799e-13
9.83761e-12
5.45092e-08
1.51872e-05
0.000212538
0.0001494
5.20451e-06
-1.41418e-05
-0.000142782
-7.12714e-05
5.92047e-05
0.000171432
2.41816e-05
1.71327e-07
7.17315e-07
2.55401e-10
1.82077e-14
6.85378e-14
1.42158e-09
1.7672e-06
0.000110349
0.000346103
5.45284e-05
3.3903e-06
0.000133202
0.00030145
9.71859e-05
0.000788829
0.000496052
1.56723e-05
2.48708e-08
1.96243e-12
7.19425e-14
1.46215e-11
8.05867e-08
2.24528e-05
0.000314218
0.000220874
7.8954e-06
1.94695e-05
0.000196238
0.000103978
0.000257756
0.000717081
0.000101196
7.17315e-07
0.000725968
2.58462e-07
4.63259e-12
1.62241e-13
1.42397e-09
1.77032e-06
0.000110544
0.000346714
5.46218e-05
8.65383e-07
1.95154e-05
4.42811e-05
3.47525e-05
0.000372417
0.000234266
7.40246e-06
1.17489e-08
8.64642e-13
-9.4739e-15
8.31942e-12
4.54733e-08
1.26696e-05
0.000177306
0.000124634
4.55905e-06
3.18445e-05
0.000325303
0.00478157
0.258348
0.725801
0.102421
0.000725968
0.00270241
9.62123e-07
1.72903e-11
1.55579e-13
5.83175e-10
7.24932e-07
4.52669e-05
0.000141977
2.23632e-05
-3.23218e-06
-0.000153458
-0.000346968
-4.04603e-05
-1.3368e-05
-8.20778e-06
-2.57436e-07
-4.05583e-10
-5.26986e-14
4.91459e-14
-1.53285e-11
-8.57376e-08
-2.38879e-05
-0.000334302
-0.000234992
-8.19864e-06
1.97374e-05
0.00021471
0.0172946
0.961686
2.70179
0.381262
0.00270241
-5.53484e-08
-1.96076e-11
4.88498e-14
2.32407e-14
-3.87489e-10
-4.81667e-07
-3.00767e-05
-9.43339e-05
-1.48679e-05
-5.96789e-06
-0.000263369
-0.000595588
-8.13144e-05
-0.000171547
-0.000107608
-3.39811e-06
-5.38987e-09
-4.00568e-13
-2.14643e-14
8.74291e-10
4.84947e-06
0.00135114
0.0189087
0.0132915
0.000469269
-3.60058e-06
-4.46914e-05
-2.29839e-05
-2.02846e-05
-5.536e-05
-7.81036e-06
-5.53484e-08
5.70167e-07
2.03022e-10
3.22705e-14
-7.4607e-14
-9.16786e-10
-1.13972e-06
-7.11677e-05
-0.000223213
-3.51688e-05
-3.64873e-06
-0.000151752
-0.000343238
-5.17875e-05
-0.000160552
-0.000100842
-3.1858e-06
-5.05528e-09
-3.94203e-13
7.95201e-12
8.86083e-07
0.00491504
1.36941
19.1644
13.4713
0.475637
0.000821059
-0.000226526
-0.000111185
0.000200092
0.000570246
8.04557e-05
5.70167e-07
5.0623e-07
1.80074e-10
-7.40149e-16
-7.10543e-14
-7.7655e-10
-9.6533e-07
-6.02781e-05
-0.000189059
-2.97702e-05
1.23737e-05
0.000567674
0.00128366
0.000139953
-7.25251e-05
-4.61923e-05
-1.46102e-06
-2.32112e-09
-3.42689e-13
-2.05761e-14
3.63802e-11
2.01807e-07
5.62267e-05
0.000786869
0.000553116
1.94176e-05
-2.23729e-05
-0.000226056
-0.000111327
0.000177393
0.000506411
7.14414e-05
5.0623e-07
1.22321e-07
4.34747e-11
4.04121e-14
-4.55932e-14
-1.42504e-10
-1.77169e-07
-1.10629e-05
-3.46493e-05
0.000867314
0.782331
35.2233
79.6567
9.04834
0.0516426
2.51318e-05
3.24416e-07
5.1073e-10
-2.07242e-14
-5.81757e-14
3.49661e-12
1.93668e-08
5.3959e-06
7.55135e-05
5.30809e-05
1.84526e-06
-5.80228e-06
-5.85909e-05
-2.89213e-05
4.28514e-05
0.000122439
1.72677e-05
1.22321e-07
-2.71734e-07
-9.67913e-11
-2.90138e-14
3.22705e-14
5.40675e-10
6.72077e-07
4.19665e-05
0.000131625
2.07276e-05
-7.58624e-06
-0.000348967
-0.000789206
-8.37151e-05
7.38103e-05
4.67072e-05
1.47437e-06
2.3377e-09
1.09394e-13
2.85697e-14
-1.49063e-11
-8.31268e-08
-2.31605e-05
-0.000324122
-0.000227836
-7.97274e-06
1.43603e-05
0.000144992
7.17303e-05
-9.49179e-05
-0.000271834
-3.83485e-05
-2.71734e-07
-4.35043e-07
-1.54831e-10
-1.77192e-13
3.71555e-14
8.2935e-10
1.03107e-06
6.43828e-05
0.000201933
3.18039e-05
-7.4711e-06
-0.000347628
-0.000785942
-8.181e-05
9.2825e-05
5.87397e-05
1.85686e-06
2.9484e-09
1.49658e-13
3.18264e-14
-2.09262e-11
-1.15794e-07
-3.22621e-05
-0.000451495
-0.000317371
-1.109e-05
2.31987e-05
0.000234232
0.000115919
-0.00015201
-0.000435343
-6.14055e-05
-4.35043e-07
