32 32 1
5.405e-10 4.913e-10 1.70191e-09
-3.53393
-3.03161
-2.07679
-0.947192
-0.683574
-1.00492
-0.800735
-0.722766
-1.67648
-2.76694
-3.40869
-3.69407
-3.78446
-3.77205
-3.68692
-3.48553
-3.04616
-2.1949
-0.676904
2.14846
7.61626
9.5222
3.64296
0.0667525
-1.77876
-2.81662
-3.37232
-3.63667
-3.75171
-3.78864
-3.73964
-3.53393
-3.5369
-3.31291
-2.99162
-2.68512
-2.59193
-2.63502
-2.60473
-2.62532
-2.87672
-3.21499
-3.47318
-3.63955
-3.74543
-3.78978
-3.73166
-3.49509
-2.96772
-1.98326
-0.20467
3.64938
16.1989
23.5156
6.19892
0.719877
-1.50432
-2.69956
-3.3573
-3.67668
-3.78433
-3.76796
-3.68049
-3.5369
-3.17111
-3.13023
-3.14706
-3.20101
-3.27975
-3.33157
-3.30358
-3.22572
-3.16104
-3.13073
-3.14929
-3.24075
-3.39018
-3.52494
-3.54379
-3.34579
-2.83658
-1.90435
-0.314484
2.7229
9.36208
11.967
4.42573
0.466686
-1.46497
-2.57853
-3.21427
-3.50587
-3.5487
-3.44113
-3.28648
-3.17111
-2.34775
-2.45518
-2.74977
-3.08569
-3.34613
-3.46161
-3.40288
-3.18485
-2.86363
-2.53925
-2.35525
-2.42094
-2.69455
-3.00254
-3.15902
-3.03356
-2.57156
-1.79081
-0.683011
0.911038
2.87673
3.33635
1.57123
-0.213756
-1.46057
-2.34358
-2.91622
-3.15215
-3.07875
-2.80286
-2.4958
-2.34775
-0.877471
-1.19691
-1.89499
-2.5926
-3.08072
-3.2834
-3.18143
-2.78368
-2.14109
-1.40789
-0.917561
-1.01289
-1.58991
-2.22215
-2.58054
-2.49019
-1.93667
-1.19831
-0.650772
-0.20294
0.253936
0.34761
-0.0391784
-0.503613
-0.986378
-1.68709
-2.3498
-2.60442
-2.38255
-1.81389
-1.17122
-0.877471
1.88333
0.965161
-0.623784
-1.88775
-2.66648
-2.97232
-2.8196
-2.20058
-1.09617
0.435554
1.75824
1.48012
0.0378483
-1.21514
-1.84077
-1.64996
-0.504238
0.85393
0.613171
-0.387941
-0.8827
-0.938722
-0.616892
0.262007
0.987018
0.018892
-1.37011
-1.8774
-1.50135
-0.434695
1.04385
1.88333
8.90869
4.95479
0.926032
-1.17267
-2.25857
-2.66082
-2.46135
-1.62156
0.0733063
3.33792
8.26966
6.82904
2.25873
-0.118755
-1.05517
-0.637171
2.05096
6.46907
4.1607
0.136441
-1.39772
-1.5729
-0.587835
2.52592
6.65203
3.62401
-0.0658423
-1.08961
-0.564256
1.25818
5.10415
8.90869
26.3384
10.0723
2.04524
-0.723816
-1.98615
-2.43746
-2.21455
-1.25504
0.850415
6.22787
22.8588
16.0776
4.20542
0.793179
-0.355677
0.0515037
3.63288
10.8891
6.59408
0.257182
-1.8151
-2.04395
-0.740349
3.85873
11.1435
6.07249
0.734344
-0.422503
0.248881
2.63804
10.3471
26.3384
15.6001
7.50735
1.70881
-0.721325
-1.88687
-2.30989
-2.10058
-1.20853
0.685319
4.95482
14.0673
11.0907
3.97834
1.4662
0.459726
0.259112
1.81892
4.63069
2.57355
-0.88988
-2.38953
-2.57212
-1.57922
1.22127
4.6293
2.84826
0.519014
0.278773
1.04566
2.83559
8.00841
15.6001
4.5549
2.79935
0.511475
-0.981187
-1.82919
-2.16023
-1.99469
-1.32529
-0.0715518
1.96799
4.23825
4.12732
2.84117
2.76167
2.50807
0.911834
0.0330065
-0.0846943
-0.949439
-2.21682
-2.95863
-3.06073
-2.53786
-1.39294
-0.253345
-0.0123948
0.471281
2.03616
2.84148
2.68182
3.63815
4.5549
1.01144
0.36881
-0.406105
-1.01799
-1.4775
-1.71653
-1.59114
-1.1864
-0.631039
0.103266
0.835969
1.28861
2.33109
6.03771
8.09042
2.71339
-0.585815
-1.78622
-2.44068
-2.96123
-3.26795
-3.31197
-3.09144
-2.63048
-2.02508
-1.11626
1.23901
6.58016
7.6089
3.19027
1.48085
1.01144
-0.647142
-0.786289
-0.543585
-0.122663
-0.209945
-0.557094
-0.35177
-0.071807
-0.394379
-0.748614
-0.737981
-0.267139
1.51636
7.24515
10.8876
3.24782
-0.99934
-2.42285
-2.92801
-3.1245
-3.19514
-3.20314
-3.15743
-3.01406
-2.64831
-1.65083
1.30118
8.69914
9.80159
2.83145
0.0963511
-0.647142
-1.6857
-1.25807
0.345847
3.09052
3.22178
1.65052
2.56543
3.63819
1.21944
-0.886031
-1.642
-1.50151
-0.317086
2.42355
3.71375
0.602168
-1.7782
-2.70161
-2.9021
-2.81348
-2.68305
-2.65887
-2.76488
-2.88955
-2.82116
-2.20641
-0.398513
2.90409
3.3755
0.428653
-1.25022
-1.6857
-2.43254
-1.51573
1.59411
8.87525
8.80771
3.8659
6.59085
10.5687
3.62345
-0.841586
-2.26209
-2.50096
-2.06283
-1.2435
-0.977262
-1.74975
-2.53171
-2.76494
-2.53027
-2.05543
-1.63209
-1.5578
-1.89147
-2.38475
-2.7278
-2.67212
-2.05828
-1.15751
-1.03129
-1.80269
-2.41999
-2.43254
-3.00881
-2.03138
0.836161
6.894
6.98963
3.11339
5.27992
8.26697
2.58637
-1.38071
-2.8014
-3.20336
-3.14908
-2.927
-2.8265
-2.92372
-2.94273
-2.61987
-1.87852
-0.796901
0.254797
0.458135
-0.407789
-1.54477
-2.41727
-2.87945
-2.95507
-2.84552
-2.86741
-3.07896
-3.22014
-3.00881
-3.41716
-2.7405
-1.25869
0.802091
1.1125
0.248524
0.770185
1.21564
-0.56425
-2.35388
-3.2572
-3.60483
-3.67717
-3.62836
-3.54132
-3.39617
-3.05571
-2.3403
-1.06361
1.05549
4.07333
4.86672
2.01046
-0.466883
-1.98563
-2.86638
-3.31237
-3.50368
-3.60142
-3.66846
-3.64983
-3.41716
-3.57708
-3.22784
-2.64624
-2.03235
-1.85054
-1.96097
-1.88611
-1.90922
-2.42221
-3.0585
-3.4849
-3.70685
-3.80504
-3.82027
-3.74352
-3.51338
-3.01372
-2.07157
-0.373436
3.12879
12.5538
17.1305
5.27641
0.493198
-1.61197
-2.75803
-3.383
-3.68782
-3.80631
-3.81842
-3.75
-3.57708
-3.40467
-3.28108
-3.14842
-3.04633
-3.03992
-3.07497
-3.0534
-3.03259
-3.10679
-3.23742
-3.36417
-3.48675
-3.60768
-3.6899
-3.66313
-3.43862
-2.91055
-1.93178
-0.193026
3.46803
14.2898
20.0417
5.80122
0.698961
-1.46038
-2.64244
-3.30122
-3.61432
-3.69665
-3.64199
-3.52797
-3.40467
-2.82443
-2.85727
-3.00942
-3.20244
-3.3685
-3.44866
-3.40728
-3.26353
-3.07262
-2.89827
-2.81805
-2.89067
-3.08825
-3.29598
-3.37574
-3.21327
-2.73151
-1.8723
-0.505215
1.7783
5.402
6.4468
2.86995
0.124298
-1.48275
-2.48909
-3.08995
-3.35231
-3.34257
-3.16292
-2.94684
-2.82443
-1.71444
-1.91023
-2.37665
-2.87568
-3.24229
-3.39877
-3.3197
-3.01747
-2.5492
-2.04721
-1.73634
-1.80802
-2.19928
-2.64415
-2.89343
-2.79626
-2.32227
-1.5964
-0.761873
0.23955
1.2864
1.50337
0.613589
-0.450239
-1.32736
-2.09738
-2.67621
-2.90315
-2.75786
-2.35518
-1.91401
-1.71444
0.255926
-0.267693
-1.30849
-2.25594
-2.88225
-3.1354
-3.00851
-2.50414
-1.65121
-0.594896
0.187106
0.0362917
-0.8504
-1.74187
-2.22584
-2.10732
-1.35393
-0.457745
-0.240564
-0.410071
-0.430193
-0.418058
-0.434995
-0.294377
-0.293594
-1.02295
-1.91754
-2.25911
-1.9595
-1.17398
-0.21577
0.255926
4.4419
2.64853
0.139286
-1.51539
-2.45255
-2.80975
-2.63203
-1.89738
-0.504438
1.74036
4.18301
3.59052
1.08565
-0.663218
-1.44331
-1.1416
0.659665
3.09253
2.07975
-0.172036
-1.1824
-1.30169
-0.63908
1.22986
3.22601
1.57601
-0.727326
-1.47861
-1.0278
0.391434
2.7583
4.4419
16.9702
7.79907
1.61914
-0.897522
-2.09985
-2.53518
-2.31986
-1.40026
0.556902
5.03954
15.2187
11.5659
3.403
0.377628
-0.693373
-0.217313
3.25668
9.93626
6.14391
0.348558
-1.59237
-1.80708
-0.583826
3.66761
10.1918
5.52832
0.470599
-0.735674
-0.135429
2.05952
8.00149
16.9702
25.2582
9.89052
2.06837
-0.668511
-1.91852
-2.36569
-2.14481
-1.1945
0.888708
6.16868
21.995
15.6884
4.37821
1.13251
-0.0027354
0.176399
2.97907
8.37185
5.00811
-0.201269
-2.08533
-2.30101
-1.09335
2.83405
8.51221
4.84229
0.702114
-0.11494
0.614709
2.88014
10.2632
25.2582
8.41259
4.84842
1.12954
-0.844459
-1.86876
-2.251
-2.06118
-1.26746
0.327943
3.37192
7.80247
6.85923
3.36176
1.93972
1.20217
0.454865
0.756683
1.72013
0.489309
-1.60669
-2.69321
-2.83466
-2.08998
-0.27403
1.61668
1.13519
0.392196
0.916723
1.70185
2.70102
5.50851
8.41259
2.37642
1.36403
-0.0232863
-1.06444
-1.72006
-1.99853
-1.85723
-1.32286
-0.416493
0.886504
2.15724
2.4236
2.5237
4.14733
4.77727
1.70681
-0.373403
-1.15149
-1.87239
-2.66926
-3.15637
-3.22578
-2.87661
-2.15183
-1.364
-0.704988
0.793087
3.92746
4.80113
2.87545
2.37122
2.37642
0.0651889
-0.320821
-0.592381
-0.747886
-1.01513
-1.25607
-1.12161
-0.817867
-0.647732
-0.429704
-0.0733602
0.442477
2.06117
7.53462
10.992
3.43581
-0.754647
-2.17393
-2.76824
-3.10746
-3.28301
-3.30735
-3.18325
-2.9007
-2.41832
-1.39669
1.51348
8.82192
9.99926
3.30034
0.766117
0.0651889
-1.21532
-1.08165
-0.22871
1.06092
1.12149
0.421451
0.83948
1.29077
0.209132
-0.885096
-1.2437
-0.909427
0.67116
5.08641
7.61293
2.10601
-1.35613
-2.59076
-2.96425
-3.02447
-2.99812
-2.99072
-3.01798
-3.00385
-2.77303
-1.9235
0.57181
6.08988
6.88301
1.75731
-0.579928
-1.21532
-2.08537
-1.37854
1.05981
6.04992
6.12084
2.93876
4.73232
7.14143
2.53066
-0.833011
-1.97107
-2.03587
-1.26342
0.264397
0.841124
-0.738951
-2.18908
-2.76022
-2.75492
-2.49197
-2.23568
-2.1906
-2.39309
-2.68142
-2.80449
-2.46614
-1.32045
0.455158
0.711939
-0.807129
-1.87491
-2.08537
-2.73898
-1.72843
1.55027
9.35013
9.2708
3.95806
6.87796
11.1866
3.70628
-1.01611
-2.53659
-2.89044
-2.68751
-2.25625
-2.11214
-2.45487
-2.78241
-2.71612
-2.23483
-1.49485
-0.829438
-0.709139
-1.24055
-2.00362
-2.5958
-2.80959
-2.59343
-2.18895
-2.14903
-2.54749
-2.86906
-2.73898
-3.23813
-2.38893
-0.225885
3.49034
3.75613
1.71538
2.89504
4.27694
0.934911
-1.86324
-3.04784
-3.44113
-3.4713
-3.36141
-3.27284
-3.22086
-3.02743
-2.48871
-1.47857
0.0531158
1.78462
2.16151
0.65692
-1.02259
-2.20692
-2.89297
-3.18275
-3.25689
-3.32377
-3.44061
-3.47827
-3.23813
-3.53393
-3.03161
-2.07679
-0.947192
-0.683574
-1.00492
-0.800735
-0.722766
-1.67648
-2.76694
-3.40869
-3.69407
-3.78446
-3.77205
-3.68692
-3.48553
-3.04616
-2.1949
-0.676904
2.14846
7.61626
9.5222
3.64296
0.0667525
-1.77876
-2.81662
-3.37232
-3.63667
-3.75171
-3.78864
-3.73964
-3.53393
