32 32 1
5.405e-10 4.913e-10 1.70191e-09
0.347211
0.608291
1.10232
1.68551
1.84913
1.71429
1.80218
1.80648
1.30802
0.745955
0.411817
0.26789
0.230566
0.235178
0.235571
0.212108
0.17266
0.132941
0.101267
0.0793961
0.0674699
0.065749
0.0742986
0.0928662
0.1213
0.158811
0.199855
0.230416
0.237398
0.230148
0.247231
0.347211
0.223878
0.359291
0.569287
0.781418
0.879352
0.883114
0.885165
0.830084
0.646109
0.422515
0.259953
0.175042
0.144786
0.142406
0.147679
0.149813
0.145798
0.135363
0.119332
0.101756
0.0893184
0.0873478
0.0967042
0.11333
0.130512
0.143016
0.149167
0.148989
0.144046
0.142079
0.160307
0.223878
0.140826
0.203752
0.29194
0.377167
0.427124
0.441245
0.434873
0.398641
0.322592
0.231274
0.15819
0.116793
0.103967
0.111891
0.133965
0.164486
0.194007
0.207665
0.195965
0.167702
0.143655
0.139678
0.158202
0.187431
0.20656
0.201061
0.175091
0.143529
0.117942
0.104679
0.109729
0.140826
0.0948312
0.119059
0.15455
0.189647
0.213066
0.221771
0.217519
0.199112
0.16696
0.130116
0.101151
0.0881751
0.0943904
0.122211
0.175903
0.257173
0.34916
0.404368
0.382402
0.308658
0.246484
0.236408
0.283874
0.360479
0.405925
0.374507
0.288402
0.20016
0.136992
0.101094
0.0880271
0.0948312
0.0778714
0.0800028
0.0909325
0.104177
0.114236
0.118451
0.116341
0.108082
0.0954052
0.0829785
0.0772172
0.0843213
0.11084
0.167558
0.274577
0.457213
0.70272
0.874089
0.802502
0.581239
0.415385
0.390109
0.513018
0.73372
0.879256
0.778878
0.535542
0.326116
0.196334
0.125632
0.090618
0.0778714
0.0847904
0.0710187
0.0686061
0.0715413
0.0752534
0.077094
0.0761495
0.0728612
0.0692464
0.0692627
0.0785097
0.103787
0.154456
0.249228
0.4332
0.799518
1.43926
2.02961
1.7491
1.05641
0.648408
0.592573
0.879197
1.51115
2.04697
1.6841
0.982491
0.528966
0.29717
0.179701
0.11725
0.0847904
0.115769
0.0858105
0.0743271
0.0725107
0.0739589
0.0750361
0.0744607
0.0728574
0.0730076
0.0803865
0.103092
0.151001
0.235499
0.377045
0.641831
1.24058
2.70605
4.84276
3.69263
1.68668
0.879585
0.78321
1.31157
2.88632
4.91889
3.47947
1.59462
0.786528
0.44559
0.274657
0.174477
0.115769
0.176309
0.125132
0.107118
0.105442
0.108479
0.110363
0.109374
0.106313
0.105415
0.116325
0.154339
0.238074
0.382482
0.591605
0.901173
1.56635
3.51127
7.05164
5.02435
1.98649
0.970264
0.855892
1.50042
3.71856
7.18268
4.71426
1.99243
1.05807
0.678411
0.444978
0.279129
0.176309
0.273805
0.194773
0.177034
0.18514
0.196169
0.200987
0.19857
0.189174
0.178232
0.183968
0.237933
0.382136
0.6544
1.02327
1.34798
1.71465
2.70861
4.16116
3.22223
1.5752
0.850431
0.761183
1.24337
2.58204
4.17941
3.24832
1.94117
1.44464
1.14273
0.772429
0.457938
0.273805
0.407082
0.303856
0.309733
0.352341
0.383834
0.393436
0.388998
0.365336
0.322746
0.297595
0.354884
0.586246
1.12631
2.00389
2.49066
2.11563
1.91728
1.96614
1.58904
0.98482
0.621731
0.571082
0.828494
1.37995
1.90302
1.9408
1.9947
2.41537
2.27313
1.39435
0.724893
0.407082
0.551145
0.464178
0.559378
0.703058
0.77664
0.781951
0.781914
0.738407
0.608651
0.481931
0.492943
0.795217
1.72895
3.98213
5.35525
3.07652
1.6657
1.1592
0.851666
0.579629
0.409875
0.384809
0.508349
0.754658
1.05172
1.44343
2.44018
4.74332
4.8737
2.30593
1.00885
0.551145
0.660104
0.687053
1.0281
1.47255
1.61193
1.52435
1.58284
1.56665
1.18337
0.771085
0.627154
0.888136
1.93859
4.92164
6.88475
3.42258
1.48348
0.807821
0.514967
0.348647
0.259627
0.246769
0.310648
0.449915
0.687287
1.18154
2.53349
5.90965
6.2187
2.64934
1.11439
0.660104
0.701477
0.952406
1.83238
3.2718
3.44166
2.74397
3.15379
3.57258
2.29324
1.16307
0.72796
0.810381
1.47168
2.90725
3.63787
2.22661
1.08925
0.568832
0.334089
0.218537
0.164574
0.157157
0.194887
0.28654
0.470153
0.866142
1.75741
3.28241
3.40216
1.86918
0.955089
0.701477
0.668524
1.13279
2.67534
6.20802
6.2405
3.92624
5.20359
7.03544
3.66442
1.47194
0.753904
0.643749
0.896191
1.34407
1.50907
1.1285
0.666083
0.373555
0.219641
0.142296
0.107651
0.103016
0.126921
0.187562
0.310297
0.548675
0.960832
1.42584
1.4614
1.03921
0.693276
0.668524
0.565128
1.05111
2.45559
5.38048
5.46853
3.64994
4.66736
6.04759
3.30298
1.37267
0.668023
0.472874
0.514548
0.636228
0.671573
0.551689
0.374156
0.233203
0.146086
0.0984338
0.0764831
0.0735346
0.0887181
0.126607
0.198646
0.320898
0.492399
0.646148
0.664933
0.554353
0.468575
0.565128
0.420121
0.762604
1.50415
2.52622
2.70997
2.31692
2.55581
2.73609
1.84843
0.957404
0.500931
0.327852
0.298552
0.320362
0.324178
0.282183
0.214884
0.152462
0.107489
0.0795414
0.0654949
0.0635385
0.0734318
0.0964274
0.135375
0.192461
0.260773
0.314951
0.326141
0.304082
0.30733
0.420121
0.280869
0.471802
0.794899
1.14065
1.27109
1.23873
1.26404
1.21572
0.919394
0.565973
0.330089
0.216943
0.180712
0.178639
0.179882
0.170039
0.150223
0.12694
0.104663
0.0863388
0.0750859
0.0733846
0.0816454
0.0979565
0.119236
0.142542
0.164194
0.178003
0.179769
0.178045
0.198667
0.280869
0.177263
0.270863
0.40712
0.540537
0.611388
0.625094
0.619903
0.572743
0.455354
0.31281
0.202793
0.141857
0.119869
0.121227
0.13338
0.148235
0.159577
0.160684
0.148183
0.127814
0.111564
0.108907
0.121341
0.141718
0.157946
0.16138
0.152718
0.138329
0.124557
0.11845
0.130998
0.177263
0.113711
0.154317
0.210903
0.265703
0.300226
0.311852
0.306314
0.280012
0.23047
0.172066
0.124834
0.0991321
0.0957518
0.112537
0.148168
0.199788
0.254285
0.284448
0.270165
0.225932
0.187815
0.181539
0.210855
0.257057
0.284709
0.268527
0.218745
0.163924
0.122365
0.0991998
0.095636
0.113711
0.0831558
0.0950414
0.116129
0.138185
0.153745
0.159918
0.156859
0.14435
0.123809
0.101415
0.0856725
0.0833537
0.099445
0.140545
0.21778
0.34119
0.492099
0.589069
0.550616
0.423888
0.321914
0.305805
0.382705
0.512303
0.592107
0.535929
0.391049
0.253688
0.161611
0.10992
0.0864256
0.0831558
0.0784696
0.0723361
0.0757733
0.0829465
0.0892071
0.0920051
0.0905894
0.0853064
0.0780119
0.0727119
0.0749717
0.091027
0.128898
0.203557
0.346622
0.60982
1.00782
1.31944
1.18072
0.790386
0.525902
0.487474
0.678926
1.0543
1.32845
1.14275
0.731004
0.418267
0.241403
0.148592
0.100717
0.0784696
0.0970376
0.075536
0.0682695
0.0682819
0.0704259
0.0717023
0.0710337
0.0689468
0.0677529
0.0718935
0.0877832
0.123358
0.189097
0.306029
0.532354
1.01751
2.019
3.17104
2.58617
1.36929
0.772
0.695698
1.10078
2.13458
3.20799
2.46699
1.2819
0.654008
0.364462
0.220698
0.141267
0.0970376
0.141847
0.102139
0.0869904
0.0844911
0.0861651
0.0874247
0.0867517
0.0848761
0.0852337
0.0949789
0.125022
0.1885
0.297881
0.468442
0.762034
1.43329
3.30508
6.54796
4.73178
1.92381
0.951001
0.840304
1.46097
3.53947
6.67069
4.42073
1.85433
0.9205
0.546244
0.346717
0.219353
0.141847
0.220126
0.155655
0.1363
0.137712
0.143658
0.146701
0.145138
0.1397
0.135416
0.145487
0.191809
0.302047
0.497837
0.76604
1.0818
1.64419
3.22976
5.901
4.33312
1.84783
0.933369
0.82724
1.41685
3.29971
5.98363
4.16379
1.99857
1.21846
0.864422
0.581423
0.357529
0.220126
0.336833
0.243711
0.23304
0.253665
0.272835
0.279996
0.27651
0.261134
0.238414
0.233782
0.292623
0.478165
0.862458
1.41215
1.77548
1.84941
2.23352
2.80621
2.26082
1.26596
0.74019
0.670966
1.03307
1.90107
2.77625
2.46268
1.917
1.80802
1.57734
1.03769
0.58165
0.336833
0.480453
0.376774
0.41488
0.494998
0.544266
0.554776
0.550549
0.516694
0.441255
0.378875
0.422652
0.696983
1.43192
2.87577
3.67401
2.54595
1.74812
1.46583
1.14505
0.755899
0.50906
0.473244
0.651573
1.01069
1.37744
1.62899
2.18885
3.39765
3.37218
1.8387
0.875096
0.480453
0.612792
0.567561
0.757859
1.01045
1.11498
1.09722
1.11244
1.06764
0.846188
0.611487
0.562286
0.863317
1.92646
4.88622
6.83728
3.46869
1.5969
0.957342
0.653667
0.447315
0.326861
0.309135
0.396506
0.576479
0.838588
1.31125
2.60569
5.89087
6.16769
2.63532
1.0963
0.612792
0.690012
0.819
1.38647
2.18158
2.35015
2.07887
2.24641
2.3443
1.65668
0.959297
0.683881
0.867456
1.76021
4.04641
5.41655
2.91545
1.30708
0.682283
0.412934
0.274662
0.206299
0.196673
0.245066
0.357087
0.569252
1.03204
2.20744
4.73886
4.96034
2.33756
1.06086
0.690012
0.694332
1.06632
2.31154
4.78209
4.89863
3.42669
4.25841
5.33115
3.04403
1.35047
0.753458
0.731421
1.16566
1.9827
2.33095
1.60439
0.8663
0.465303
0.270943
0.175474
0.132285
0.126453
0.156387
0.23135
0.384286
0.699866
1.32029
2.16232
2.22352
1.41208
0.824952
0.694332
0.624638
1.12885
2.73725
6.49906
6.51283
4.01695
5.38965
7.38923
3.78072
1.48212
0.725071
0.556042
0.680035
0.918921
0.997164
0.788117
0.501456
0.295817
0.178319
0.117007
0.0893455
0.0856513
0.104727
0.153024
0.248341
0.421499
0.68893
0.952721
0.977179
0.75843
0.572909
0.624638
0.494837
0.91897
1.98464
3.79325
3.95716
3.00674
3.55732
4.1805
2.55058
1.17998
0.589792
0.396425
0.390578
0.447257
0.461129
0.39031
0.280418
0.18565
0.122514
0.0859883
0.0685745
0.0662041
0.0783303
0.107779
0.161097
0.245521
0.354579
0.445881
0.460757
0.408198
0.38053
0.494837
0.347211
0.608291
1.10232
1.68551
1.84913
1.71429
1.80218
1.80648
1.30802
0.745955
0.411817
0.26789
0.230566
0.235178
0.235571
0.212108
0.17266
0.132941
0.101267
0.0793961
0.0674699
0.065749
0.0742986
0.0928662
0.1213
0.158811
0.199855
0.230416
0.237398
0.230148
0.247231
0.347211
