32 32 1
4.913e-10 1.70191e-09 5.405e-10
-20838
-40386.3
-78255.6
-149905
-280429
-505652
-911346
-2.91687e+06
-2.27956e+06
-2.63016e+06
-3.02008e+06
-3.01014e+06
-2.57792e+06
-1.92802e+06
-1.27278e+06
-755455
-416346
-200395
-96076.9
-44465.6
-19751.8
-7706.7
338226
1.25759e+06
23729.7
-719.939
2234.42
-67.0955
2010.26
7541.58
-8718.09
-20838
5.25978e+08
5.80233e+08
7.45685e+07
-3.96184e+08
-1.38002e+09
-3.62566e+09
-8.52005e+09
-1.88167e+10
-3.54186e+10
-5.83601e+10
-7.54698e+10
-6.5064e+10
-1.67374e+10
5.89449e+10
1.49236e+11
2.4487e+11
3.18811e+11
3.29036e+11
2.74073e+11
1.95483e+11
1.28675e+11
8.11436e+10
5.00411e+10
3.06335e+10
1.80729e+10
1.07401e+10
6.37166e+09
3.78656e+09
2.26243e+09
1.36399e+09
8.3526e+08
5.25978e+08
2.71933e+08
5.43977e+08
1.99362e+08
1.46828e+08
-9.04047e+06
-7.86343e+08
-3.72353e+09
-1.47088e+10
-5.14779e+10
-2.13472e+11
-8.81646e+11
-1.32844e+12
-4.66412e+11
-7.29629e+10
2.31459e+10
5.59694e+10
6.9274e+10
7.19274e+10
6.67323e+10
5.64579e+10
4.38937e+10
3.1561e+10
2.1324e+10
1.3904e+10
7.97288e+09
4.66967e+09
2.75566e+09
1.66752e+09
1.03449e+09
6.46599e+08
4.04598e+08
2.71933e+08
-1.52031e+09
-1.11986e+09
-9.16399e+08
-1.70789e+08
1.64733e+09
5.85604e+09
1.5364e+10
3.58054e+10
8.00071e+10
1.58235e+11
2.52494e+11
2.83885e+11
2.16513e+11
1.26928e+11
6.80632e+10
3.80843e+10
2.36526e+10
1.44322e+10
3.98731e+09
-9.57284e+09
-2.82876e+10
-4.93013e+10
-6.39296e+10
-6.37014e+10
-5.07558e+10
-3.33739e+10
-1.92992e+10
-1.03814e+10
-5.50709e+09
-3.09966e+09
-2.00255e+09
-1.52031e+09
-7.43223e+09
-7.75715e+09
-7.93296e+09
-8.35383e+09
-8.63962e+09
-8.4015e+09
-7.2063e+09
-4.54716e+09
-8.71446e+08
3.63829e+09
7.71723e+09
1.00424e+10
1.00962e+10
8.44031e+09
6.05514e+09
3.52779e+09
9.20539e+08
-3.85573e+09
-1.60319e+10
-4.86583e+10
-1.53389e+11
-5.27465e+11
-1.3639e+12
-1.1759e+12
-3.9585e+11
-1.19785e+11
-4.26859e+10
-1.89082e+10
-1.10881e+10
-8.46832e+09
-7.61913e+09
-7.43223e+09
-4.40526e+10
-3.79927e+10
-3.519e+10
-3.70427e+10
-4.19566e+10
-4.79254e+10
-5.28127e+10
-5.36012e+10
-5.30367e+10
-4.82057e+10
-4.07813e+10
-3.25707e+10
-2.4854e+10
-1.83572e+10
-1.32193e+10
-9.0443e+09
-4.72752e+09
1.88509e+09
1.5755e+10
4.87856e+10
1.24888e+11
2.71474e+11
4.28089e+11
3.97701e+11
2.23385e+11
8.70949e+10
1.446e+10
-2.38871e+10
-4.49769e+10
-5.33497e+10
-5.1283e+10
-4.40526e+10
-2.36124e+11
-1.12969e+11
-8.36267e+10
-9.43531e+10
-1.27109e+11
-1.73001e+11
-2.18914e+11
-2.416e+11
-2.32397e+11
-1.9217e+11
-1.42468e+11
-9.88433e+10
-6.63749e+10
-4.4541e+10
-3.10436e+10
-2.35787e+10
-2.04664e+10
-2.00173e+10
-2.07003e+10
-2.20413e+10
-2.30357e+10
-2.37892e+10
-2.59219e+10
-3.13249e+10
-4.02815e+10
-6.41915e+10
-1.28282e+11
-3.10671e+11
-7.34984e+11
-9.96324e+11
-5.79277e+11
-2.36124e+11
1.79665e+11
5.68834e+10
3.68452e+09
-3.08349e+10
-7.92115e+10
-2.2047e+11
-9.43644e+11
-3.72434e+12
-1.88415e+12
-3.84945e+11
-1.24937e+11
-6.21608e+10
-3.99636e+10
-3.09087e+10
-2.78778e+10
-2.89327e+10
-3.46809e+10
-4.63561e+10
-6.55359e+10
-9.45827e+10
-1.32438e+11
-1.7308e+11
-2.03067e+11
-2.06009e+11
-1.73683e+11
-1.10484e+11
-6.36328e+09
1.90243e+11
5.38329e+11
7.32704e+11
4.52505e+11
1.79665e+11
4.00241e+10
4.69081e+10
6.31522e+10
9.69198e+10
1.57468e+11
2.58405e+11
4.02147e+11
5.09024e+11
4.53329e+11
2.95416e+11
1.52642e+11
3.98364e+10
-5.40973e+10
-1.17564e+11
-1.28469e+11
-9.90047e+10
-6.56257e+10
-4.84067e+10
-5.12826e+10
-8.0041e+10
-1.66964e+11
-4.93665e+11
-1.86365e+12
-2.73014e+12
-8.52138e+11
-2.35967e+11
-8.03305e+10
-1.9511e+10
1.303e+10
3.01796e+10
3.70383e+10
4.00241e+10
2.73854e+10
3.06671e+10
3.74116e+10
4.85672e+10
6.27233e+10
7.76557e+10
8.99862e+10
9.71733e+10
9.3248e+10
8.14483e+10
6.21001e+10
2.83814e+10
-7.53932e+10
-3.46743e+11
-2.69152e+11
-4.59972e+10
1.43272e+10
4.04487e+10
7.10431e+10
1.21492e+11
2.1027e+11
3.65945e+11
5.72489e+11
6.28745e+11
4.53003e+11
2.66565e+11
1.54478e+11
9.2178e+10
5.74848e+10
3.87297e+10
2.97401e+10
2.73854e+10
1.39017e+10
9.75166e+09
4.24533e+09
-4.9634e+09
-2.10794e+10
-4.45902e+10
-6.75582e+10
-7.24891e+10
-5.39705e+10
-1.70902e+10
2.87269e+10
8.52314e+10
1.52599e+11
2.03346e+11
1.96528e+11
1.44472e+11
9.48886e+10
6.86807e+10
6.29924e+10
7.11023e+10
8.63834e+10
1.0287e+11
1.13883e+11
1.14608e+11
1.07477e+11
9.08162e+10
7.12189e+10
5.28338e+10
3.7857e+10
2.68e+10
1.91557e+10
1.39017e+10
2.45182e+09
-7.82097e+07
-4.07619e+09
-1.66023e+10
-5.77488e+10
-2.19872e+11
-8.80472e+11
-1.52481e+12
-6.51768e+11
-1.53406e+11
-3.57147e+10
-2.10858e+09
1.02267e+10
1.54048e+10
1.72391e+10
1.7317e+10
1.70093e+10
1.70817e+10
1.77435e+10
1.94177e+10
2.14108e+10
2.30502e+10
2.34804e+10
2.22848e+10
2.07224e+10
1.75045e+10
1.38736e+10
1.0466e+10
7.65867e+09
5.53062e+09
3.92355e+09
2.45182e+09
-1.23591e+10
-5.3037e+09
6.68975e+09
2.79257e+10
7.16395e+10
1.53701e+11
2.63085e+11
3.11943e+11
2.40417e+11
1.34639e+11
6.44651e+10
2.95153e+10
1.39699e+10
7.40217e+09
4.73959e+09
3.7346e+09
3.42254e+09
3.33319e+09
3.15101e+09
2.57569e+09
1.06063e+09
-2.26551e+09
-8.62227e+09
-1.94531e+10
-3.5556e+10
-5.29659e+10
-6.41057e+10
-6.23465e+10
-4.97413e+10
-3.42698e+10
-2.15503e+10
-1.23591e+10
-4.58519e+10
-3.85925e+10
-3.21016e+10
-2.51566e+10
-1.67036e+10
-7.55817e+09
5.47218e+08
5.29819e+09
7.75962e+09
7.17977e+09
5.25718e+09
3.31934e+09
1.90539e+09
1.06173e+09
6.29188e+08
4.28087e+08
1.93069e+08
-4.85222e+07
-2.66779e+08
-1.21268e+09
-3.44906e+09
-8.89653e+09
-2.27766e+10
-6.2044e+10
-1.86979e+11
-5.98207e+11
-1.34062e+12
-1.03274e+12
-3.67021e+11
-1.33505e+11
-6.64618e+10
-4.58519e+10
-1.29154e+11
-1.48898e+11
-1.46428e+11
-1.26004e+11
-9.80432e+10
-7.07247e+10
-4.82266e+10
-3.21504e+10
-2.00763e+10
-1.23425e+10
-7.53762e+09
-4.57841e+09
-2.78111e+09
-1.69559e+09
-1.04379e+09
-6.50274e+08
-5.46632e+08
-4.25376e+08
1.20272e+08
8.66799e+08
2.8491e+09
8.12332e+09
2.21462e+10
5.79629e+10
1.42719e+11
3.10933e+11
4.76151e+11
3.96606e+11
1.72306e+11
1.05418e+10
-7.99032e+10
-1.29154e+11
-7.69833e+11
-1.24723e+12
-8.77075e+11
-3.8982e+11
-1.80944e+11
-9.42805e+10
-5.19576e+10
-2.95494e+10
-1.67382e+10
-9.56189e+09
-5.50919e+09
-3.19472e+09
-1.86798e+09
-1.10417e+09
-6.63419e+08
-4.0563e+08
-3.10681e+08
-2.23385e+08
3.71136e+07
3.21982e+08
8.87499e+08
1.95634e+09
3.83083e+09
6.45023e+09
8.33497e+09
7.53259e+09
-7.23637e+08
-2.22197e+10
-6.47933e+10
-1.46844e+11
-3.30484e+11
-7.69833e+11
7.69832e+11
1.24723e+12
8.77075e+11
3.8982e+11
1.80944e+11
9.42805e+10
5.19577e+10
2.95518e+10
1.67388e+10
9.56189e+09
5.50919e+09
3.19473e+09
1.86797e+09
1.10418e+09
6.63416e+08
4.05601e+08
3.10623e+08
2.23272e+08
-3.73411e+07
-3.22439e+08
-8.88406e+08
-1.9581e+09
-3.83499e+09
-6.45813e+09
-8.34366e+09
-7.5441e+09
7.10894e+08
2.22082e+10
6.47849e+10
1.46839e+11
3.30481e+11
7.69832e+11
1.29157e+11
1.489e+11
1.46429e+11
1.26004e+11
9.80433e+10
7.07248e+10
4.82267e+10
3.21513e+10
2.00764e+10
1.23425e+10
7.53762e+09
4.5784e+09
2.7811e+09
1.69558e+09
1.04378e+09
6.50253e+08
5.46605e+08
4.25338e+08
-1.20332e+08
-8.66927e+08
-2.84946e+09
-8.12451e+09
-2.21507e+10
-5.7979e+10
-1.42772e+11
-3.1109e+11
-4.76421e+11
-3.96782e+11
-1.72349e+11
-1.05436e+10
7.99068e+10
1.29157e+11
4.5854e+10
3.85935e+10
3.2102e+10
2.51567e+10
1.67036e+10
7.55814e+09
-5.47286e+08
-5.29962e+09
-7.76005e+09
-7.1798e+09
-5.2572e+09
-3.31937e+09
-1.9054e+09
-1.06176e+09
-6.29223e+08
-4.28118e+08
-1.93098e+08
4.85273e+07
2.66906e+08
1.21314e+09
3.45042e+09
8.90013e+09
2.27865e+10
6.2069e+10
1.87033e+11
5.98239e+11
1.34023e+12
1.03234e+12
3.66959e+11
1.33506e+11
6.64657e+10
4.5854e+10
1.23554e+10
5.30181e+09
-6.69077e+09
-2.79264e+10
-7.164e+10
-1.53701e+11
-2.63085e+11
-3.11946e+11
-2.40418e+11
-1.34639e+11
-6.4465e+10
-2.9515e+10
-1.39695e+10
-7.40174e+09
-4.73917e+09
-3.73427e+09
-3.42241e+09
-3.33329e+09
-3.15139e+09
-2.57638e+09
-1.06172e+09
2.26374e+09
8.62032e+09
1.94499e+10
3.55434e+10
5.29445e+10
6.40771e+10
6.23178e+10
4.97193e+10
3.42562e+10
2.15429e+10
1.23554e+10
-2.45384e+09
7.66207e+07
4.07485e+09
1.66011e+10
5.77476e+10
2.19871e+11
8.80471e+11
1.5248e+12
6.51767e+11
1.53407e+11
3.57172e+10
2.11349e+09
-1.02193e+10
-1.53957e+10
-1.72297e+10
-1.73092e+10
-1.70039e+10
-1.70791e+10
-1.77432e+10
-1.94196e+10
-2.14144e+10
-2.30553e+10
-2.34852e+10
-2.22877e+10
-2.07295e+10
-1.75116e+10
-1.38801e+10
-1.04717e+10
-7.66329e+09
-5.53419e+09
-3.92624e+09
-2.45384e+09
-1.39046e+10
-9.75443e+09
-4.24843e+09
4.95969e+09
2.10749e+10
4.4585e+10
6.75524e+10
7.24825e+10
5.39651e+10
1.70873e+10
-2.87206e+10
-8.51972e+10
-1.52504e+11
-2.03178e+11
-1.96353e+11
-1.4436e+11
-9.48357e+10
-6.86608e+10
-6.29883e+10
-7.11069e+10
-8.63951e+10
-1.02888e+11
-1.13907e+11
-1.14634e+11
-1.07503e+11
-9.08376e+10
-7.12349e+10
-5.28449e+10
-3.78644e+10
-2.68049e+10
-1.91592e+10
-1.39046e+10
-2.7386e+10
-3.067e+10
-3.74176e+10
-4.85772e+10
-6.2738e+10
-7.76755e+10
-9.00101e+10
-9.71946e+10
-9.32752e+10
-8.14849e+10
-6.2171e+10
-2.85944e+10
7.4478e+10
3.43693e+11
2.66625e+11
4.53671e+10
-1.44737e+10
-4.0487e+10
-7.10482e+10
-1.21484e+11
-2.10265e+11
-3.65987e+11
-5.72675e+11
-6.29029e+11
-4.53157e+11
-2.66615e+11
-1.5449e+11
-9.21792e+10
-5.74831e+10
-3.87278e+10
-2.97391e+10
-2.7386e+10
-4.00047e+10
-4.68982e+10
-6.31491e+10
-9.69239e+10
-1.57486e+11
-2.58458e+11
-4.02276e+11
-5.09197e+11
-4.53447e+11
-2.9544e+11
-1.52613e+11
-3.97664e+10
5.42173e+10
1.17716e+11
1.28596e+11
9.90753e+10
6.56569e+10
4.8423e+10
5.12987e+10
8.00653e+10
1.66998e+11
4.93628e+11
1.86261e+12
2.72881e+12
8.52285e+11
2.36087e+11
8.03998e+10
1.95638e+10
-1.29827e+10
-3.01384e+10
-3.70073e+10
-4.00047e+10
-1.79658e+11
-5.68939e+10
-3.67963e+09
3.08605e+10
7.92726e+10
2.20628e+11
9.44089e+11
3.72354e+12
1.88363e+12
3.85033e+11
1.24997e+11
6.21965e+10
3.99874e+10
3.09258e+10
2.78899e+10
2.89402e+10
3.46838e+10
4.6354e+10
6.55278e+10
9.45664e+10
1.3241e+11
1.7304e+11
2.0302e+11
2.05971e+11
1.7365e+11
1.10472e+11
6.39492e+09
-1.90061e+11
-5.37714e+11
-7.31929e+11
-4.5227e+11
-1.79658e+11
2.36224e+11
1.12984e+11
8.36277e+10
9.43497e+10
1.27099e+11
1.72979e+11
2.18873e+11
2.41539e+11
2.32339e+11
1.92126e+11
1.42439e+11
9.88268e+10
6.63658e+10
4.45359e+10
3.10404e+10
2.35762e+10
2.04635e+10
2.00134e+10
2.06948e+10
2.20339e+10
2.30261e+10
2.37777e+10
2.59091e+10
3.1312e+10
4.02627e+10
6.41634e+10
1.28239e+11
3.10658e+11
7.35387e+11
9.97355e+11
5.79778e+11
2.36224e+11
4.40778e+10
3.80067e+10
3.51955e+10
3.70422e+10
4.19518e+10
4.79171e+10
5.28016e+10
5.35917e+10
5.30242e+10
4.81933e+10
4.07706e+10
3.25622e+10
2.48475e+10
1.83524e+10
1.32158e+10
9.04167e+09
4.72536e+09
-1.88708e+09
-1.5757e+10
-4.87877e+10
-1.2489e+11
-2.71477e+11
-4.28092e+11
-3.97705e+11
-2.23385e+11
-8.70913e+10
-1.44493e+10
2.39087e+10
4.50104e+10
5.33894e+10
5.13189e+10
4.40778e+10
7.43377e+09
7.75796e+09
7.93296e+09
8.35301e+09
8.638e+09
8.39907e+09
7.20309e+09
4.54737e+09
8.66457e+08
-3.64578e+09
-7.72604e+09
-1.00516e+10
-1.01045e+10
-8.44683e+09
-6.05974e+09
-3.53082e+09
-9.22488e+08
3.85443e+09
1.60309e+10
4.86576e+10
1.53388e+11
5.27464e+11
1.3639e+12
1.17589e+12
3.9585e+11
1.19785e+11
4.2687e+10
1.89098e+10
1.10902e+10
8.47053e+09
7.62119e+09
7.43377e+09
1.52029e+09
1.11979e+09
9.16285e+08
1.70678e+08
-1.64736e+09
-5.8559e+09
-1.53638e+10
-3.58039e+10
-8.00169e+10
-1.58275e+11
-2.52594e+11
-2.84022e+11
-2.16613e+11
-1.26974e+11
-6.80812e+10
-3.80907e+10
-2.3655e+10
-1.44332e+10
-3.98776e+09
9.57258e+09
2.82874e+10
4.93011e+10
6.39289e+10
6.36989e+10
5.07557e+10
3.33739e+10
1.92992e+10
1.03814e+10
5.50713e+09
3.09968e+09
2.00257e+09
1.52029e+09
-2.71952e+08
-5.43975e+08
-1.99295e+08
-1.46585e+08
9.74038e+06
7.88221e+08
3.72855e+09
1.47229e+10
5.15179e+10
2.13594e+11
8.82029e+11
1.32926e+12
4.66858e+11
7.30858e+10
-2.31092e+10
-5.5957e+10
-6.92695e+10
-7.19257e+10
-6.67316e+10
-5.64576e+10
-4.38936e+10
-3.1561e+10
-2.1324e+10
-1.39044e+10
-7.9729e+09
-4.66969e+09
-2.75568e+09
-1.66754e+09
-1.03451e+09
-6.46627e+08
-4.04622e+08
-2.71952e+08
-5.26014e+08
-5.80301e+08
-7.47083e+07
3.95879e+08
1.37933e+09
3.62404e+09
8.5162e+09
1.88059e+10
3.53998e+10
5.83263e+10
7.54216e+10
6.50153e+10
1.67038e+10
-5.89616e+10
-1.49243e+11
-2.44872e+11
-3.18811e+11
-3.29036e+11
-2.74073e+11
-1.95483e+11
-1.28675e+11
-8.11436e+10
-5.00406e+10
-3.06318e+10
-1.80728e+10
-1.07401e+10
-6.37166e+09
-3.78656e+09
-2.26243e+09
-1.36398e+09
-8.35278e+08
-5.26014e+08
-20838
-40386.3
-78255.6
-149905
-280430
-505652
-911346
-2.91687e+06
-2.27956e+06
-2.63016e+06
-3.02008e+06
-3.01014e+06
-2.57792e+06
-1.92802e+06
-1.27278e+06
-755455
-416347
-200395
-96076.9
-44465.6
-19751.8
-7706.7
338226
1.25759e+06
23729.7
-719.939
2234.42
-67.0945
2010.26
7541.58
-8718.09
-20838
