32 32 1
5.405e-10 4.913e-10 1.70191e-09
1.86986e+10
3.91558e+10
9.41533e+10
1.78363e+11
1.86359e+11
1.43824e+11
1.69325e+11
1.94768e+11
1.22127e+11
5.258e+10
2.29957e+10
1.4769e+10
1.54609e+10
1.84027e+10
1.86749e+10
1.45738e+10
8.48506e+09
3.40878e+09
4.2797e+08
-8.57683e+08
-1.24197e+09
-1.27821e+09
-1.05071e+09
-1.50596e+08
2.1813e+09
6.58017e+09
1.25848e+10
1.77349e+10
1.89691e+10
1.64682e+10
1.43962e+10
1.86986e+10
1.38002e+10
2.66577e+10
5.08006e+10
7.75913e+10
8.56117e+10
8.05733e+10
8.39852e+10
8.30351e+10
6.04798e+10
3.3472e+10
1.69519e+10
9.97017e+09
7.9904e+09
7.45952e+09
6.00607e+09
2.81639e+09
-1.18948e+09
-4.33749e+09
-5.62798e+09
-5.40289e+09
-4.7826e+09
-4.66272e+09
-5.18377e+09
-5.67233e+09
-4.9852e+09
-2.41054e+09
1.48845e+09
5.12019e+09
7.15542e+09
7.79557e+09
8.95712e+09
1.38002e+10
8.41086e+09
1.53451e+10
2.5622e+10
3.56784e+10
4.04656e+10
4.09123e+10
4.08529e+10
3.79902e+10
2.92903e+10
1.84826e+10
1.0306e+10
5.65303e+09
3.16252e+09
1.09728e+09
-1.99333e+09
-6.76409e+09
-1.23024e+10
-1.60136e+10
-1.5824e+10
-1.28231e+10
-1.00412e+10
-9.57847e+09
-1.17315e+10
-1.4994e+10
-1.64041e+10
-1.38905e+10
-8.62782e+09
-3.40234e+09
2.36393e+08
2.50847e+09
4.6709e+09
8.41086e+09
4.02411e+09
7.7725e+09
1.2363e+10
1.65843e+10
1.90636e+10
1.98061e+10
1.94641e+10
1.7641e+10
1.38945e+10
9.2476e+09
5.15153e+09
2.07868e+09
-5.02816e+08
-3.73345e+09
-9.2278e+09
-1.85878e+10
-3.09261e+10
-3.93337e+10
-3.63457e+10
-2.5946e+10
-1.77577e+10
-1.64863e+10
-2.26128e+10
-3.31904e+10
-3.96894e+10
-3.46616e+10
-2.25708e+10
-1.18704e+10
-5.2225e+09
-1.43698e+09
1.20987e+09
4.02411e+09
6.0854e+08
2.96385e+09
5.25701e+09
7.18669e+09
8.39974e+09
8.84549e+09
8.62779e+09
7.68141e+09
5.9622e+09
3.74444e+09
1.39646e+09
-1.01586e+09
-3.89518e+09
-8.36498e+09
-1.71493e+10
-3.55964e+10
-6.72813e+10
-9.37756e+10
-8.1539e+10
-4.83824e+10
-2.7262e+10
-2.43234e+10
-3.93099e+10
-7.06133e+10
-9.45e+10
-7.86454e+10
-4.48687e+10
-2.18974e+10
-1.06062e+10
-5.11999e+09
-1.88857e+09
6.0854e+08
-2.45377e+09
-4.38367e+08
9.64133e+08
1.90113e+09
2.44068e+09
2.64096e+09
2.54251e+09
2.12306e+09
1.32471e+09
8.84398e+07
-1.69891e+09
-4.25817e+09
-7.92008e+09
-1.35456e+10
-2.48251e+10
-5.49304e+10
-1.34255e+11
-2.37906e+11
-1.83717e+11
-7.80266e+10
-3.33784e+10
-2.82397e+10
-5.70847e+10
-1.43045e+11
-2.41209e+11
-1.73722e+11
-7.41319e+10
-3.16303e+10
-1.63187e+10
-9.49412e+09
-5.33605e+09
-2.45377e+09
-5.91926e+09
-3.5195e+09
-2.46783e+09
-2.12503e+09
-2.05676e+09
-2.05277e+09
-2.053e+09
-2.0854e+09
-2.30002e+09
-3.05208e+09
-4.92428e+09
-8.5783e+09
-1.42482e+10
-2.12456e+10
-3.04276e+10
-5.70084e+10
-1.84038e+11
-4.93527e+11
-3.1159e+11
-7.8343e+10
-2.47003e+10
-1.98661e+10
-5.04193e+10
-2.02451e+11
-5.06394e+11
-2.82544e+11
-7.96465e+10
-3.56284e+10
-2.38287e+10
-1.64847e+10
-1.02637e+10
-5.91926e+09
-1.03798e+10
-7.07834e+09
-6.47326e+09
-6.94917e+09
-7.49486e+09
-7.7278e+09
-7.61112e+09
-7.1522e+09
-6.57309e+09
-6.66488e+09
-8.85671e+09
-1.50119e+10
-2.61794e+10
-3.85107e+10
-4.1143e+10
-2.68431e+10
1.481e+10
1.07636e+11
6.4121e+10
1.12693e+10
2.5007e+09
1.83988e+09
6.41382e+09
3.75746e+10
1.13817e+11
4.35967e+10
-1.77099e+10
-3.83143e+10
-4.10551e+10
-3.06051e+10
-1.82193e+10
-1.03798e+10
-1.55842e+10
-1.16601e+10
-1.2676e+10
-1.5109e+10
-1.6824e+10
-1.73795e+10
-1.71171e+10
-1.58134e+10
-1.34621e+10
-1.16473e+10
-1.34373e+10
-2.35087e+10
-4.81225e+10
-8.3346e+10
-8.80443e+10
-2.3996e+10
1.41679e+11
4.33387e+11
2.90761e+11
8.13206e+10
2.66141e+10
2.14567e+10
5.33845e+10
1.96399e+11
4.48852e+11
2.39924e+11
1.48697e+10
-7.45812e+10
-9.12839e+10
-5.98127e+10
-2.98474e+10
-1.55842e+10
-1.93378e+10
-1.76333e+10
-2.37911e+10
-3.13648e+10
-3.53136e+10
-3.5874e+10
-3.57032e+10
-3.31986e+10
-2.64589e+10
-1.91347e+10
-1.74182e+10
-2.96736e+10
-7.70444e+10
-1.92042e+11
-2.4429e+11
-9.2589e+10
6.25567e+10
1.70361e+11
1.44672e+11
6.82568e+10
3.12338e+10
2.67378e+10
5.1316e+10
1.16926e+11
1.77939e+11
1.07214e+11
-3.69507e+10
-2.0608e+11
-2.32589e+11
-1.0765e+11
-3.98481e+10
-1.93378e+10
-1.78839e+10
-2.53375e+10
-4.49076e+10
-6.67163e+10
-7.41058e+10
-7.11201e+10
-7.3244e+10
-7.12457e+10
-5.27713e+10
-3.07494e+10
-1.87392e+10
-2.28888e+10
-7.04235e+10
-2.97824e+11
-4.74465e+11
-1.37336e+11
1.6941e+10
6.46802e+10
6.34202e+10
4.06019e+10
2.42801e+10
2.19133e+10
3.37374e+10
5.64106e+10
6.88174e+10
3.94566e+10
-6.32575e+10
-3.72966e+11
-4.17479e+11
-1.1503e+11
-3.07584e+10
-1.78839e+10
-1.03591e+10
-3.37509e+10
-8.30883e+10
-1.50685e+11
-1.59863e+11
-1.30357e+11
-1.483e+11
-1.63627e+11
-1.06171e+11
-4.65343e+10
-1.63542e+10
-3.66296e+08
2.42661e+10
1.31953e+11
2.28063e+11
8.17756e+10
3.8791e+10
3.57716e+10
3.12665e+10
2.2624e+10
1.59442e+10
1.48987e+10
1.99126e+10
2.85625e+10
3.49463e+10
3.68233e+10
5.64741e+10
1.82093e+11
1.93045e+11
4.44188e+10
5.16908e+09
-1.03591e+10
-5.78206e+08
-3.40611e+10
-1.27396e+11
-3.51354e+11
-3.45205e+11
-1.85856e+11
-2.74614e+11
-4.02017e+11
-1.90114e+11
-5.39479e+10
-9.55106e+09
1.87645e+10
8.25368e+10
2.84835e+11
4.23032e+11
1.81432e+11
6.02111e+10
2.89105e+10
1.86613e+10
1.30265e+10
9.76052e+09
9.26925e+09
1.16611e+10
1.65032e+10
2.44892e+10
4.49904e+10
1.22638e+11
3.54292e+11
3.76054e+11
1.28536e+11
3.26043e+10
-5.78206e+08
9.33146e+09
-9.011e+09
-6.34281e+10
-2.72781e+11
-2.54641e+11
-8.64252e+10
-1.74533e+11
-3.2934e+11
-1.12538e+11
-1.89645e+10
3.68633e+09
2.36184e+10
6.47866e+10
1.37921e+11
1.70477e+11
1.0733e+11
4.8821e+10
2.26331e+10
1.2271e+10
7.71279e+09
5.66535e+09
5.38483e+09
6.81297e+09
1.03555e+10
1.81065e+10
3.72797e+10
8.37394e+10
1.55705e+11
1.6e+11
8.65499e+10
3.38974e+10
9.33146e+09
1.75347e+10
2.91778e+10
1.09378e+11
4.11245e+11
3.86617e+11
1.45564e+11
2.73176e+11
4.90055e+11
1.82054e+11
4.25287e+10
1.84246e+10
2.13063e+10
3.80728e+10
6.10428e+10
6.8985e+10
5.18082e+10
2.91867e+10
1.46378e+10
7.41443e+09
4.11244e+09
2.75067e+09
2.57511e+09
3.49774e+09
6.00726e+09
1.15975e+10
2.33061e+10
4.37706e+10
6.53955e+10
6.65728e+10
4.58145e+10
2.55562e+10
1.75347e+10
1.98972e+10
4.2292e+10
1.19254e+11
2.75882e+11
2.77334e+11
1.75422e+11
2.33876e+11
3.08961e+11
1.66391e+11
5.91029e+10
2.40975e+10
1.71302e+10
2.09884e+10
2.75086e+10
2.91586e+10
2.31668e+10
1.41483e+10
6.99097e+09
2.84897e+09
9.00648e+08
1.64832e+08
7.73016e+07
5.57988e+08
2.00896e+09
5.29638e+09
1.14238e+10
2.01773e+10
2.78826e+10
2.89086e+10
2.32529e+10
1.76637e+10
1.98972e+10
1.64927e+10
3.3241e+10
7.01338e+10
1.16525e+11
1.25618e+11
1.09767e+11
1.19708e+11
1.25524e+11
8.64542e+10
4.30343e+10
2.03245e+10
1.23483e+10
1.12606e+10
1.20555e+10
1.13774e+10
8.0886e+09
3.53748e+09
-2.52607e+08
-2.30695e+09
-2.89856e+09
-2.85511e+09
-2.82612e+09
-2.91406e+09
-2.62989e+09
-1.13907e+09
2.10956e+09
6.60031e+09
1.05429e+10
1.21063e+10
1.15151e+10
1.15126e+10
1.64927e+10
1.10241e+10
2.05435e+10
3.62555e+10
5.23923e+10
5.87637e+10
5.7826e+10
5.86795e+10
5.58847e+10
4.21391e+10
2.51816e+10
1.34967e+10
7.72106e+09
5.36016e+09
3.95305e+09
1.7356e+09
-1.94127e+09
-6.25127e+09
-9.34747e+09
-9.93613e+09
-8.60775e+09
-7.14005e+09
-6.88504e+09
-8.0471e+09
-9.6265e+09
-9.8357e+09
-7.51325e+09
-3.38973e+09
6.61678e+08
3.36393e+09
4.89016e+09
6.68883e+09
1.10241e+10
6.07186e+09
1.11256e+10
1.79297e+10
2.43707e+10
2.78508e+10
2.86315e+10
2.83106e+10
2.59264e+10
2.02725e+10
1.32596e+10
7.52055e+09
3.77926e+09
1.24673e+09
-1.40039e+09
-5.56472e+09
-1.21625e+10
-2.01661e+10
-2.54356e+10
-2.41782e+10
-1.84441e+10
-1.35747e+10
-1.27908e+10
-1.64986e+10
-2.24998e+10
-2.57806e+10
-2.24887e+10
-1.48184e+10
-7.48485e+09
-2.55531e+09
4.47935e+08
2.86167e+09
6.07186e+09
2.22707e+09
5.11207e+09
8.29465e+09
1.112e+10
1.28636e+10
1.34621e+10
1.3175e+10
1.1842e+10
9.32026e+09
6.1615e+09
3.14039e+09
5.03378e+08
-2.18424e+09
-6.02711e+09
-1.31006e+10
-2.63789e+10
-4.60237e+10
-6.0514e+10
-5.43986e+10
-3.58225e+10
-2.24558e+10
-2.04752e+10
-3.02533e+10
-4.85553e+10
-6.09659e+10
-5.24004e+10
-3.24662e+10
-1.66976e+10
-7.88782e+09
-3.25883e+09
-3.47641e+08
2.22707e+09
-9.19816e+08
1.16211e+09
2.90174e+09
4.24319e+09
5.07207e+09
5.38448e+09
5.23078e+09
4.58015e+09
3.40039e+09
1.77984e+09
-1.82341e+08
-2.56723e+09
-5.7529e+09
-1.08257e+10
-2.11695e+10
-4.56818e+10
-9.65832e+10
-1.47778e+11
-1.22605e+11
-6.32155e+10
-3.135e+10
-2.72717e+10
-4.89766e+10
-1.01717e+11
-1.49212e+11
-1.17559e+11
-5.94385e+10
-2.71071e+10
-1.33979e+10
-7.14019e+09
-3.51012e+09
-9.19816e+08
-4.09028e+09
-1.963e+09
-7.65966e+08
-1.37438e+08
1.62487e+08
2.63786e+08
2.14771e+08
-8.59695e+06
-5.06862e+08
-1.4794e+09
-3.25086e+09
-6.21519e+09
-1.0636e+10
-1.68197e+10
-2.78408e+10
-6.00733e+10
-1.73034e+11
-3.76715e+11
-2.63243e+11
-8.67108e+10
-3.16377e+10
-2.60357e+10
-5.94461e+10
-1.87766e+11
-3.84312e+11
-2.43607e+11
-8.37495e+10
-3.46097e+10
-1.95946e+10
-1.24613e+10
-7.52344e+09
-4.09028e+09
-8.00876e+09
-5.19941e+09
-4.31049e+09
-4.30538e+09
-4.50326e+09
-4.6071e+09
-4.55361e+09
-4.36934e+09
-4.251e+09
-4.74439e+09
-6.78378e+09
-1.1482e+10
-1.92327e+10
-2.78965e+10
-3.38898e+10
-4.41266e+10
-1.1946e+11
-3.50334e+11
-2.068e+11
-4.32765e+10
-1.25655e+10
-1.00098e+10
-2.67713e+10
-1.26242e+11
-3.5988e+11
-1.89071e+11
-5.52204e+10
-3.57363e+10
-3.02626e+10
-2.22273e+10
-1.37678e+10
-8.00876e+09
-1.29689e+10
-9.21629e+09
-9.16939e+09
-1.03957e+10
-1.14259e+10
-1.18138e+10
-1.16239e+10
-1.08001e+10
-9.52728e+09
-8.92439e+09
-1.11118e+10
-1.91226e+10
-3.5695e+10
-5.5715e+10
-5.69178e+10
-1.68209e+10
1.22073e+11
4.46549e+11
2.73454e+11
5.91687e+10
1.66611e+10
1.30922e+10
3.64511e+10
1.69593e+11
4.63849e+11
2.23783e+11
1.11183e+10
-4.8948e+10
-5.96237e+10
-4.27534e+10
-2.36703e+10
-1.29689e+10
-1.78725e+10
-1.44507e+10
-1.7373e+10
-2.1761e+10
-2.44295e+10
-2.51035e+10
-2.48096e+10
-2.29157e+10
-1.8869e+10
-1.49861e+10
-1.56305e+10
-2.74433e+10
-6.28701e+10
-1.26827e+11
-1.45001e+11
-5.08219e+10
1.06646e+11
2.85829e+11
2.16436e+11
8.04134e+10
3.11955e+10
2.59037e+10
5.66344e+10
1.61274e+11
2.96255e+11
1.73628e+11
-5.13828e+09
-1.23556e+11
-1.4464e+11
-8.22154e+10
-3.5854e+10
-1.78725e+10
-1.94546e+10
-2.12579e+10
-3.26579e+10
-4.55001e+10
-5.10645e+10
-5.08013e+10
-5.11989e+10
-4.83738e+10
-3.72664e+10
-2.43225e+10
-1.852e+10
-2.85844e+10
-8.34465e+10
-2.71608e+11
-3.90194e+11
-1.34144e+11
3.0292e+10
1.02378e+11
9.51673e+10
5.36423e+10
2.84058e+10
2.50168e+10
4.26257e+10
8.14577e+10
1.08313e+11
6.2589e+10
-6.38742e+10
-3.18623e+11
-3.55072e+11
-1.26242e+11
-3.90491e+10
-1.94546e+10
-1.46899e+10
-2.97089e+10
-6.15473e+10
-9.92927e+10
-1.08272e+11
-9.77895e+10
-1.04489e+11
-1.06672e+11
-7.49768e+10
-3.83856e+10
-1.80154e+10
-1.27443e+10
-3.04685e+10
-1.48486e+11
-2.48772e+11
-5.60552e+10
2.23976e+10
4.50433e+10
4.35478e+10
3.02968e+10
1.9932e+10
1.83488e+10
2.60467e+10
3.95909e+10
4.6824e+10
3.31956e+10
-1.72608e+10
-1.88714e+11
-2.16481e+11
-5.13355e+10
-1.46943e+10
-1.46899e+10
-5.52085e+09
-3.60107e+10
-1.07806e+11
-2.33056e+11
-2.38432e+11
-1.64269e+11
-2.07492e+11
-2.5831e+11
-1.47232e+11
-5.31087e+10
-1.3645e+10
1.09396e+10
6.66978e+10
2.9973e+11
4.88771e+11
1.73708e+11
5.40142e+10
3.15488e+10
2.36291e+10
1.70594e+10
1.25465e+10
1.18445e+10
1.52137e+10
2.13486e+10
2.84942e+10
4.25407e+10
1.10492e+11
3.92905e+11
4.22809e+11
1.12939e+11
2.23949e+10
-5.52085e+09
4.38661e+09
-2.52774e+10
-1.20891e+11
-4.31584e+11
-4.10122e+11
-1.68331e+11
-2.9783e+11
-5.10175e+11
-1.9867e+11
-4.35048e+10
-3.72078e+09
2.26674e+10
7.79987e+10
2.05775e+11
2.75532e+11
1.46767e+11
5.72062e+10
2.60986e+10
1.51148e+10
1.00345e+10
7.506e+09
7.14335e+09
8.94859e+09
1.30444e+10
2.12645e+10
4.28059e+10
1.07315e+11
2.42309e+11
2.52516e+11
1.1177e+11
3.56348e+10
4.38661e+09
1.39226e+10
1.12784e+10
3.26536e+10
1.33221e+11
1.23431e+11
4.06461e+10
8.36489e+10
1.60415e+11
5.5478e+10
1.39616e+10
1.16175e+10
2.28731e+10
5.04456e+10
9.15624e+10
1.07375e+11
7.53356e+10
3.87585e+10
1.86971e+10
9.76162e+09
5.7994e+09
4.11743e+09
3.89493e+09
5.04827e+09
8.07724e+09
1.48607e+10
3.03138e+10
6.16049e+10
1.00397e+11
1.02388e+11
6.36702e+10
2.99812e+10
1.39226e+10
1.95909e+10
3.97471e+10
1.32788e+11
3.96814e+11
3.83699e+11
1.85938e+11
2.94354e+11
4.59677e+11
2.031e+11
5.75259e+10
2.27308e+10
1.93382e+10
2.83479e+10
4.09229e+10
4.48268e+10
3.50556e+10
2.09557e+10
1.07081e+10
5.13812e+09
2.5178e+09
1.46447e+09
1.33222e+09
2.03735e+09
4.01992e+09
8.40512e+09
1.69523e+10
3.02474e+10
4.28055e+10
4.37724e+10
3.26903e+10
2.13795e+10
1.95909e+10
1.86986e+10
3.91558e+10
9.41533e+10
1.78363e+11
1.86359e+11
1.43824e+11
1.69325e+11
1.94768e+11
1.22127e+11
5.258e+10
2.29957e+10
1.4769e+10
1.54609e+10
1.84027e+10
1.86749e+10
1.45738e+10
8.48506e+09
3.40878e+09
4.2797e+08
-8.57683e+08
-1.24197e+09
-1.27821e+09
-1.05071e+09
-1.50596e+08
2.1813e+09
6.58017e+09
1.25848e+10
1.77349e+10
1.89691e+10
1.64682e+10
1.43962e+10
1.86986e+10
