32 32 1
5.405e-10 4.913e-10 1.70191e-09
1.17384e-11
5.10489e-07
0.000596111
0.0186386
0.0156044
0.00039414
0.00660072
0.0263135
0.00280883
8.02823e-06
6.14408e-10
4.34221e-15
1.4803e-14
8.48704e-15
7.26333e-14
-6.71068e-15
-8.28967e-15
2.15137e-14
1.86221e-12
3.2149e-05
0.254214
0.920728
0.00152744
1.16065e-09
-1.71714e-14
-9.86865e-16
1.67767e-14
4.32247e-14
6.2962e-14
2.21058e-14
2.96059e-15
1.1739e-11
-2.96059e-15
1.81588e-10
2.12033e-07
6.62966e-06
5.55042e-06
1.40208e-07
2.35002e-06
9.36824e-06
1.00001e-06
2.85826e-09
2.40598e-13
-3.15797e-15
-6.11856e-15
4.22378e-14
-9.07916e-15
-1.91452e-14
-3.55271e-15
6.31594e-15
7.67062e-11
0.00132423
10.4712
37.9251
0.0629157
4.7807e-08
2.50664e-14
1.85531e-14
-7.89492e-15
-7.89492e-16
-3.53298e-14
-2.38821e-14
2.70401e-14
-1.97373e-15
2.82243e-14
2.21058e-14
3.79588e-12
1.18442e-10
9.91904e-11
2.50131e-12
4.2013e-11
1.67514e-10
1.7928e-11
3.84877e-14
-4.18431e-14
-1.59872e-14
1.42109e-14
-1.97373e-14
1.26319e-14
4.34221e-15
1.4803e-14
3.4935e-14
5.50789e-12
9.50357e-05
0.751481
2.72176
0.00451525
3.43095e-09
2.25005e-14
3.94746e-15
-2.70401e-14
-2.60532e-14
3.37508e-14
1.06581e-14
-4.73695e-15
1.87504e-14
3.55271e-15
-3.94746e-16
-1.6382e-14
-3.55271e-15
-7.89492e-16
5.32907e-15
8.48704e-15
-1.36187e-14
3.55271e-15
7.89492e-16
2.4869e-14
5.52644e-15
9.07916e-15
2.84217e-14
1.14476e-14
6.24488e-13
3.13738e-10
4.17923e-09
1.49061e-09
1.18976e-08
9.39658e-05
0.000340331
5.64592e-07
4.73504e-10
4.43167e-09
1.11163e-09
7.44451e-12
3.25665e-14
-3.71061e-14
-3.67114e-14
-2.56585e-15
-6.51331e-15
3.7639e-13
1.36187e-14
5.92119e-16
1.06581e-14
-4.73695e-15
-9.86865e-16
1.04608e-14
-6.71068e-15
-4.34221e-15
1.42109e-14
2.62309e-13
6.71068e-14
1.95399e-14
-2.1711e-15
8.16729e-13
1.5609e-08
7.76516e-06
0.000103436
3.68929e-05
3.52337e-07
1.10575e-10
7.67473e-11
3.34647e-08
1.17082e-05
0.000109684
2.75133e-05
1.84794e-07
3.32451e-11
-2.88165e-14
5.46723e-14
3.13823e-14
3.66916e-13
1.12127e-05
2.39972e-07
2.35288e-12
-5.32907e-15
-5.72382e-15
1.57898e-15
-3.94746e-15
-3.94746e-15
2.0132e-14
1.21839e-08
7.34435e-06
2.02778e-06
2.56438e-10
-8.88178e-15
1.04442e-09
1.94046e-05
0.0096534
0.128589
0.0458641
0.000438015
1.12009e-07
3.18465e-09
4.16021e-05
0.0145553
0.136356
0.0342037
0.000229731
4.13153e-08
2.00136e-13
2.35111e-12
2.39972e-07
1.12127e-05
0.577217
0.0123535
1.21099e-07
1.93426e-14
1.6382e-14
1.4803e-14
1.77636e-14
-1.18424e-14
4.76129e-10
0.000626594
0.377706
0.104285
1.31884e-05
8.80876e-13
6.52167e-08
0.00121168
0.602787
8.02946
2.86389
0.0273509
6.99415e-06
1.98858e-07
0.00259776
0.908876
8.51446
2.13578
0.0143451
2.57985e-06
1.24292e-11
1.21099e-07
0.0123535
0.577217
51.7722
1.10802
1.08617e-05
5.72382e-14
-6.51331e-15
1.97373e-16
1.22371e-14
-1.4803e-14
4.26627e-08
0.0561456
33.8442
9.34441
0.00118174
5.28114e-09
2.19162e-07
0.00380036
1.89061
25.1839
8.98241
0.0857846
2.19367e-05
6.23708e-07
0.00814771
2.85063
26.7051
6.69874
0.0449924
8.10077e-06
1.1057e-08
1.0862e-05
1.10802
51.7722
8.09061
0.173154
1.69739e-06
4.34221e-15
-1.67767e-14
-1.50003e-14
1.04608e-14
-1.71714e-14
6.66051e-09
0.00876544
5.28374
1.45885
0.000185381
9.30187e-05
0.000260828
0.000618287
0.297846
3.96748
1.41509
0.0135145
3.45591e-06
9.82588e-08
0.00128359
0.449089
4.20712
1.05532
0.00709179
0.000165813
0.000196532
7.98299e-06
0.173154
8.09061
0.0022029
4.7146e-05
4.62498e-10
1.05512e-11
8.85553e-12
2.12373e-13
3.73015e-12
1.48543e-11
3.41376e-12
2.38429e-06
0.00143723
0.000397025
0.000796341
0.0833788
0.233769
0.0175542
0.00239215
0.0313949
0.0111977
0.000106941
2.73468e-08
7.7753e-10
1.01571e-05
0.00355367
0.0332912
0.00835279
0.00336079
0.147418
0.176083
0.00563158
5.19687e-05
0.0022029
6.02165e-09
5.09858e-11
3.34155e-08
1.0448e-06
8.7472e-07
2.20812e-08
3.68126e-07
1.46752e-06
1.5665e-07
4.48883e-10
7.43985e-10
9.16817e-06
0.0358518
3.75401
10.5251
0.790138
0.00158922
1.25638e-05
4.45068e-06
4.25052e-08
1.08683e-11
3.12047e-13
4.03708e-09
1.41245e-06
1.32335e-05
9.25874e-05
0.14872
6.63421
7.9242
0.253436
0.000217034
6.02165e-09
1.12526e-08
1.42049e-07
0.000165875
0.00518641
0.00434211
0.000109622
0.00182908
0.00729154
0.000778335
2.22464e-06
3.12199e-10
2.07332e-05
0.0810782
8.48961
23.8023
1.78688
0.00359186
1.93575e-07
8.91206e-11
8.62125e-13
5.1317e-15
-3.25665e-14
4.69748e-14
2.82188e-11
3.50727e-09
0.000201785
0.336172
14.9962
17.9121
0.572875
0.000490591
1.12526e-08
2.08936e-09
3.54181e-05
0.0413586
1.29316
1.08265
0.0273357
0.456479
1.81973
0.194247
0.0005552
4.25065e-08
2.35512e-06
0.00920981
0.964349
2.70374
0.202975
0.000408006
2.19602e-08
5.32907e-14
-2.19084e-14
-2.1711e-15
2.56585e-15
1.12503e-14
0
3.68199e-10
2.29104e-05
0.0381686
1.70265
2.03372
0.0650437
5.57012e-05
2.08936e-09
1.01784e-08
0.000443573
0.517971
16.1954
13.559
0.342386
5.7222
22.8113
2.43499
0.00695972
5.32638e-07
1.34385e-08
5.25473e-05
0.00550218
0.0154264
0.00115809
2.32791e-06
1.2526e-10
8.48704e-15
-7.50017e-15
2.0132e-14
-2.56585e-15
3.29613e-14
1.26319e-14
2.0436e-12
1.30657e-07
0.000217673
0.00971012
0.0115982
0.00037094
3.17661e-07
1.01784e-08
6.39834e-09
0.000279035
0.325836
10.1879
8.52943
0.215404
3.60296
14.363
1.53318
0.00438215
3.35373e-07
4.53287e-12
1.50593e-08
1.57684e-06
4.42098e-06
3.31891e-07
6.67168e-10
4.67774e-14
1.42109e-14
8.18703e-13
6.45837e-09
2.33913e-08
3.87919e-11
2.52637e-14
8.68441e-15
3.74647e-11
6.2353e-08
2.78149e-06
3.32233e-06
1.06257e-07
9.09911e-11
6.39832e-09
2.02154e-10
8.81669e-06
0.0102955
0.321909
0.269505
0.00680685
0.113949
0.454251
0.048489
0.000138592
1.06067e-08
4.22378e-14
2.03492e-13
2.27218e-11
6.36161e-11
4.7705e-12
2.4869e-14
-7.89492e-16
4.30273e-14
4.62587e-07
0.00365784
0.0132482
2.1978e-05
1.67021e-11
4.40142e-14
-3.94746e-16
8.99429e-13
4.0001e-11
4.77702e-11
1.52905e-12
-1.77636e-15
2.02153e-10
3.46982e-13
1.39929e-08
1.63398e-05
0.000510897
0.000427728
1.08042e-05
0.000181014
0.000721604
7.70276e-05
2.20161e-07
1.68302e-11
-1.06581e-14
-3.3356e-14
1.73688e-14
2.0132e-14
-3.35534e-15
2.96059e-15
6.51331e-15
2.64294e-11
0.000456483
3.60957
13.0734
0.021688
1.64798e-08
4.14483e-15
1.18424e-15
-2.46716e-14
-2.26979e-14
-9.27653e-15
-3.51324e-14
2.36848e-14
3.56653e-13
3.17771e-14
1.12364e-12
1.30255e-09
4.07275e-08
3.40975e-08
8.61385e-10
1.44434e-08
5.75779e-08
6.14614e-09
1.7569e-11
1.26319e-14
-1.24345e-14
1.75662e-14
2.96059e-14
1.18424e-14
-2.60532e-14
5.92119e-16
-1.0066e-14
4.54556e-11
0.000784845
6.20605
22.4775
0.0372889
2.83343e-08
2.03294e-14
-1.71714e-14
-9.86865e-16
-4.53958e-15
-1.3224e-14
1.81583e-14
6.11856e-15
4.30273e-14
-9.13837e-14
-3.94746e-15
2.28953e-14
1.59872e-13
1.33819e-13
1.61846e-14
4.53958e-14
2.4119e-13
3.07902e-14
-3.94746e-16
-5.32907e-15
-9.07916e-15
-8.68441e-15
-7.69755e-15
-1.53951e-14
2.23031e-14
6.47976e-13
8.63546e-12
3.20909e-12
2.3511e-06
0.018591
0.0673341
0.000111704
8.58521e-11
9.17153e-12
2.31321e-12
1.6382e-14
-1.57898e-14
2.07242e-14
-2.30926e-14
2.1711e-14
-1.11318e-13
6.71068e-14
-8.09229e-15
-2.76322e-15
2.68427e-14
2.19084e-14
-4.67774e-14
7.89492e-15
5.72382e-15
1.42109e-14
-1.85531e-14
2.96059e-15
-5.92119e-16
6.71068e-15
1.4803e-14
-1.46056e-14
1.44209e-10
7.1737e-08
9.55578e-07
3.40828e-07
3.26726e-09
9.70337e-08
3.5144e-07
8.92153e-10
1.08164e-07
1.0133e-06
2.54177e-07
1.70718e-09
3.07507e-13
7.89492e-16
5.48697e-14
1.85531e-14
5.09222e-14
4.56371e-09
9.76953e-11
-1.4803e-14
-3.35534e-15
-1.02634e-14
-3.37508e-14
1.79609e-14
1.18424e-15
2.19084e-14
4.93827e-12
2.99074e-09
8.25767e-10
9.71075e-14
-9.4739e-15
4.30672e-11
7.99871e-07
0.00039792
0.00530053
0.00189055
1.80553e-05
4.61707e-09
1.31263e-10
1.71487e-06
0.00059998
0.00562069
0.0014099
9.46966e-06
1.70307e-09
-3.6514e-14
5.32907e-15
9.76473e-11
4.56371e-09
0.00562838
0.000120458
1.18085e-09
2.68427e-14
6.31594e-15
-1.18424e-15
6.90805e-15
9.27653e-15
4.66886e-12
6.11287e-06
0.00368479
0.00101737
1.28662e-07
7.50017e-15
1.19949e-08
0.000222857
0.110867
1.47681
0.526738
0.0050305
1.28639e-06
3.65749e-08
0.000477791
0.167164
1.56602
0.392822
0.0026384
4.74497e-07
2.29782e-12
1.18081e-09
0.000120458
0.00562838
12.0942
0.258837
2.53733e-06
3.75009e-15
3.35534e-15
-1.57898e-14
-1.42109e-14
2.1711e-15
9.9711e-09
0.0131223
7.91003
2.18397
0.000276194
2.89862e-11
1.679e-07
0.0031188
1.55154
20.6674
7.37149
0.0703998
1.80026e-05
5.11851e-07
0.00668648
2.3394
21.9157
5.49738
0.0369234
6.64042e-06
5.88276e-11
2.53733e-06
0.258837
12.0942
45.2791
0.969054
9.49945e-06
3.76982e-14
-6.51331e-15
8.68441e-15
1.53951e-14
-1.28292e-14
3.72938e-08
0.0490799
29.585
8.16845
0.00103303
1.01207e-06
2.95537e-06
0.00219252
1.09063
14.5278
5.18166
0.0494863
1.26546e-05
3.59797e-07
0.00470015
1.64444
15.4053
3.86429
0.0259547
6.45829e-06
2.13872e-06
9.56785e-06
0.969054
45.2791
0.295357
0.00632117
6.19652e-08
2.09215e-14
2.76322e-14
-1.57898e-15
-2.13163e-14
1.40135e-14
2.43033e-10
0.000319835
0.192794
0.0532306
4.53872e-05
0.00404757
0.0113481
0.000929331
0.0385091
0.512941
0.182952
0.00174724
4.46802e-07
1.27035e-08
0.000165951
0.0580611
0.543923
0.136439
0.00107686
0.00715814
0.00854981
0.000273506
0.0063214
0.295357
3.35787e-06
7.18416e-08
1.55212e-10
4.8303e-09
4.04398e-09
1.02089e-10
1.70111e-09
6.78145e-09
7.23886e-10
3.6335e-09
2.189e-06
2.59018e-06
0.00776555
0.813123
2.27975
0.171145
0.000412315
0.000909698
0.000324457
3.09866e-06
7.92403e-10
2.2536e-11
2.94307e-07
0.000102969
0.000964626
0.000261308
0.0322221
1.43731
1.71679
0.0549073
4.70926e-05
3.35787e-06
1.08747e-08
2.93026e-09
3.42172e-06
0.000106987
8.95707e-05
2.26121e-06
3.77134e-05
0.000150343
1.60483e-05
4.58695e-08
1.40773e-10
2.00378e-05
0.0783589
8.20488
23.004
1.72695
0.0034714
2.67875e-07
2.89026e-08
2.76025e-10
7.59886e-14
-2.82243e-14
2.62056e-11
9.17237e-09
8.90629e-08
0.000195084
0.324972
14.4966
17.3154
0.55379
0.000474247
1.08747e-08
5.58385e-09
3.25997e-06
0.00380675
0.119026
0.0996495
0.00251592
0.0419959
0.167415
0.0178707
5.10782e-05
3.97862e-09
1.0156e-05
0.0397153
4.15855
11.6593
0.875286
0.00175944
9.46991e-08
3.07112e-13
-2.84217e-14
-1.38161e-15
-1.83557e-14
-4.00667e-14
4.91459e-14
1.58863e-09
9.88193e-05
0.164632
7.34402
8.77203
0.280552
0.000240255
5.58387e-09
4.31736e-09
0.00018217
0.212724
6.65126
5.5685
0.140606
2.34894
9.36396
0.999556
0.00285694
2.18648e-07
2.5855e-07
0.00101107
0.105868
0.296822
0.022283
4.47916e-05
2.41084e-09
7.89492e-16
-2.96059e-15
2.96059e-15
4.79616e-14
3.09876e-14
3.35534e-15
4.0421e-11
2.51457e-06
0.00418925
0.186877
0.223214
0.00713896
6.11357e-06
4.31733e-09
1.17248e-08
0.00051132
0.597081
18.669
15.6298
0.394699
6.59921
26.3075
2.80819
0.00802639
6.14273e-07
3.31887e-10
1.29288e-06
0.000135376
0.000379553
2.84938e-05
5.72762e-08
3.07566e-12
3.55271e-15
4.73695e-15
7.83176e-13
2.88697e-12
-1.30266e-14
1.20398e-14
6.78963e-14
3.21395e-09
5.35442e-06
0.000238854
0.000285297
9.12453e-06
7.81398e-09
1.17248e-08
1.65296e-09
7.2088e-05
0.0841789
2.63203
2.20356
0.055652
0.931247
3.71237
0.396277
0.00113264
8.6683e-08
1.91254e-13
8.30352e-11
8.6951e-09
2.43783e-08
1.83011e-09
3.67212e-12
-3.75009e-15
2.72375e-14
1.35987e-09
1.07531e-05
3.89461e-05
6.46095e-08
4.18431e-14
-4.04615e-14
2.03886e-13
3.43755e-10
1.53342e-08
1.83158e-08
5.85757e-10
4.90867e-13
1.65295e-09
1.17245e-11
5.10489e-07
0.000596111
0.0186386
0.0156044
0.00039414
0.00660072
0.0263135
0.00280883
8.02823e-06
6.14377e-10
9.86865e-16
2.68427e-14
1.30266e-14
6.49357e-14
-1.28292e-14
4.34221e-15
5.60539e-14
1.86004e-12
3.2149e-05
0.254214
0.920728
0.00152744
1.16064e-09
2.76322e-15
-3.55271e-15
2.78296e-14
3.45403e-14
7.85544e-14
1.20398e-14
-1.20398e-14
1.17386e-11
