32 32 1
4.913e-10 1.70191e-09 5.405e-10
0.0027017
0.00465668
0.00803311
0.0136374
0.0225364
0.035917
0.0546719
0.0786286
0.105593
0.130868
0.148163
0.152228
0.141734
0.120064
0.0933408
0.067368
0.0457152
0.0295432
0.0184186
0.0112327
0.00681008
0.00418416
0.00265785
0.00178162
0.00127353
0.000972299
0.000803683
0.000740423
0.000802201
0.00105261
0.00161762
0.0027017
0.00488485
0.00873621
0.016357
0.030963
0.0583018
0.108074
0.195067
0.337502
0.546537
0.799952
1.01309
1.06855
0.929197
0.683374
0.444008
0.265612
0.150984
0.0835382
0.046011
0.0259274
0.0154856
0.0101443
0.00736658
0.00579539
0.00474207
0.00390296
0.00319227
0.0026312
0.00230632
0.00236517
0.00306665
0.00488485
0.0103637
0.01611
0.030133
0.0607562
0.126144
0.266108
0.569508
1.24097
2.77554
6.46015
14.6336
18.872
10.3299
4.37631
1.9208
0.874716
0.412024
0.204316
0.112306
0.0740629
0.0605805
0.0572139
0.0560402
0.0530274
0.0469788
0.0386536
0.029665
0.0215161
0.0151366
0.0109374
0.00915872
0.0103637
0.0220126
0.0199376
0.0261885
0.044318
0.0832388
0.160794
0.309406
0.581261
1.0394
1.69343
2.33927
2.52448
2.07662
1.38566
0.82091
0.46915
0.287471
0.222284
0.240647
0.325774
0.460208
0.605329
0.696865
0.681505
0.566404
0.410005
0.267573
0.162716
0.0948801
0.0546214
0.0324959
0.0220126
0.0614754
0.0415439
0.0309776
0.0271344
0.0295623
0.0388642
0.0559462
0.0809863
0.11192
0.143121
0.166079
0.173374
0.164042
0.145727
0.132425
0.142438
0.202515
0.362706
0.729991
1.54209
3.32647
7.10402
12.3958
11.351
5.98036
2.7842
1.30322
0.627396
0.315837
0.169427
0.0981586
0.0614754
0.356785
0.24621
0.157552
0.0957361
0.0568536
0.0343924
0.0225554
0.0171461
0.0153852
0.0155082
0.016509
0.0181102
0.0209469
0.0269719
0.0403641
0.0693435
0.129923
0.253054
0.496614
0.959371
1.76941
2.93623
3.93005
3.79918
2.73306
1.70497
1.07932
0.77905
0.64883
0.566738
0.470972
0.356785
3.12042
1.54574
0.74889
0.361606
0.175308
0.0859418
0.0432628
0.0231935
0.0141847
0.0106704
0.0099409
0.0106922
0.0123992
0.0151093
0.0194996
0.0270129
0.039991
0.061616
0.0953536
0.14355
0.205461
0.277028
0.357319
0.465471
0.66602
1.10146
2.0406
3.89919
6.72477
8.05333
5.77869
3.12042
2.72746
1.39941
0.693544
0.340864
0.168987
0.0870956
0.0502873
0.0370912
0.0375254
0.0468662
0.062112
0.0798875
0.0956427
0.104531
0.103595
0.0935514
0.0783938
0.0632113
0.0522187
0.048356
0.0544975
0.0759878
0.124959
0.22814
0.441632
0.877618
1.7412
3.30865
5.45503
6.38913
4.78892
2.72746
0.279457
0.201512
0.135301
0.088919
0.0625226
0.0543412
0.0649267
0.100033
0.173118
0.306978
0.529773
0.853102
1.21942
1.4615
1.4119
1.10807
0.741237
0.446625
0.253507
0.141108
0.0818079
0.0556879
0.0518414
0.0662692
0.0993619
0.152751
0.224461
0.302779
0.364006
0.382289
0.348762
0.279457
0.0351383
0.0375848
0.0434534
0.0546471
0.0732605
0.102967
0.152914
0.246574
0.440679
0.867952
1.84527
4.19045
10.2325
20.9718
17.903
7.70004
3.19482
1.40495
0.639182
0.297625
0.141715
0.0699481
0.0374292
0.0238078
0.019664
0.0204332
0.0236106
0.0275205
0.030923
0.0331177
0.0341967
0.0351383
0.0552539
0.0986105
0.175206
0.301751
0.490062
0.726113
0.946304
1.05928
1.04034
0.985016
1.03229
1.26144
1.61849
1.87156
1.76842
1.35124
0.878043
0.514641
0.283918
0.151484
0.079717
0.042264
0.023349
0.014199
0.0101272
0.00871709
0.00883884
0.0102184
0.0133225
0.0195668
0.031817
0.0552539
0.133691
0.255388
0.526176
1.12756
2.48943
5.6847
12.764
17.8475
10.7381
4.70518
2.12309
1.02528
0.545029
0.327122
0.21868
0.154508
0.10956
0.076051
0.0519921
0.0364037
0.0280969
0.0257235
0.0279168
0.0332192
0.0399228
0.0461495
0.0503855
0.0523953
0.0541159
0.0605023
0.0810196
0.133691
0.219214
0.235641
0.346909
0.600277
1.06386
1.76871
2.52888
2.82479
2.36787
1.58163
0.923669
0.504228
0.267802
0.142199
0.077419
0.0447042
0.0290761
0.0235948
0.0260837
0.0376444
0.0622744
0.106827
0.180014
0.288076
0.424602
0.557838
0.633755
0.612855
0.509544
0.379031
0.272724
0.219214
0.557236
0.288293
0.175501
0.140413
0.144675
0.165396
0.184899
0.189868
0.175095
0.144904
0.108843
0.0755157
0.0494262
0.031394
0.0204003
0.0152264
0.0155251
0.0227389
0.0415608
0.0830049
0.171159
0.358055
0.756497
1.61174
3.44257
7.10287
11.423
9.76382
5.16832
2.44605
1.15299
0.557236
0.409293
0.207126
0.106787
0.058181
0.0353206
0.0249181
0.0201504
0.0175308
0.0153982
0.0131401
0.0107343
0.00841758
0.00648034
0.00519257
0.00485166
0.0059439
0.00945952
0.0174787
0.0343083
0.0687362
0.138456
0.278428
0.555142
1.08395
2.01635
3.35307
4.40244
4.04578
2.71652
1.53554
0.8047
0.409293
0.0879414
0.0546515
0.0328156
0.0193596
0.0114386
0.00692753
0.00440675
0.00299556
0.00218514
0.00168466
0.00135782
0.00115372
0.00107609
0.00118144
0.00158936
0.00250892
0.00431398
0.0076557
0.0136137
0.0238846
0.0409146
0.067746
0.107119
0.159272
0.218564
0.27127
0.299226
0.290682
0.249399
0.191603
0.134436
0.0879414
0.087957
0.0546592
0.0328192
0.0193612
0.0114393
0.00692781
0.00440685
0.0029956
0.00218515
0.00168467
0.00135783
0.00115373
0.00107613
0.0011815
0.00158951
0.00250925
0.00431467
0.00765709
0.0136165
0.02389
0.040925
0.0677651
0.107153
0.159325
0.218641
0.271368
0.299333
0.290779
0.249474
0.191653
0.134465
0.087957
0.409321
0.207134
0.106789
0.058181
0.0353203
0.0249178
0.0201502
0.0175306
0.0153981
0.0131401
0.0107342
0.00841755
0.00648035
0.00519265
0.00485193
0.00594457
0.009461
0.0174819
0.0343153
0.0687515
0.13849
0.278502
0.555308
1.08432
2.01716
3.35462
4.40455
4.0474
2.71728
1.53581
0.804791
0.409321
0.557118
0.288243
0.175479
0.140402
0.14467
0.165393
0.184897
0.189868
0.175095
0.144903
0.108842
0.0755152
0.0494257
0.0313934
0.0203999
0.0152261
0.0155252
0.0227397
0.0415626
0.0830086
0.171165
0.358064
0.7565
1.61169
3.44223
7.10122
11.418
9.75899
5.16633
2.44533
1.15271
0.557118
0.219163
0.235614
0.346895
0.600269
1.06385
1.7687
2.52888
2.82479
2.36787
1.58162
0.923665
0.504222
0.267795
0.142191
0.0774113
0.0446969
0.0290696
0.0235891
0.0260783
0.0376379
0.0622641
0.106808
0.179974
0.287999
0.424466
0.557633
0.633496
0.612594
0.50933
0.378882
0.272633
0.219163
0.133684
0.255383
0.526173
1.12756
2.48942
5.68469
12.764
17.8475
10.7381
4.70515
2.12305
1.02522
0.544946
0.327025
0.21858
0.154418
0.109488
0.0759997
0.0519579
0.0363817
0.0280824
0.0257126
0.0279067
0.0332077
0.0399086
0.0461326
0.0503669
0.0523766
0.0540989
0.0604883
0.081009
0.133684
0.0552516
0.0986087
0.175205
0.30175
0.490061
0.72611
0.946298
1.05926
1.0403
0.98491
1.03204
1.26089
1.61745
1.87005
1.76687
1.35007
0.87734
0.514268
0.283732
0.151393
0.0796729
0.0422424
0.0233379
0.0141926
0.0101229
0.00871343
0.00883538
0.010215
0.0133192
0.0195637
0.0318143
0.0552516
0.0351216
0.0375725
0.0434455
0.0546434
0.0732615
0.102974
0.152933
0.246617
0.440775
0.868169
1.84578
4.19178
10.2363
20.9773
17.9018
7.69844
3.19412
1.40464
0.639043
0.29756
0.141683
0.0699314
0.0374184
0.0237982
0.0196531
0.0204194
0.0235932
0.0274999
0.0309003
0.0330951
0.0341763
0.0351216
0.279273
0.201399
0.135239
0.0888891
0.0625124
0.0543457
0.0649481
0.100082
0.173223
0.307188
0.530177
0.853815
1.22051
1.46279
1.41303
1.10882
0.741629
0.446805
0.253584
0.141136
0.0818147
0.0556817
0.0518224
0.0662312
0.0992929
0.152634
0.224278
0.302524
0.363699
0.381979
0.348501
0.279273
2.7264
1.3991
0.693461
0.340847
0.168987
0.0871015
0.0502964
0.0371051
0.0375472
0.0468996
0.0621604
0.0799522
0.0957205
0.104614
0.103673
0.093616
0.0784413
0.0632423
0.0522363
0.0483629
0.0544945
0.0759712
0.124917
0.228044
0.441414
0.877113
1.74001
3.3059
5.44966
6.38311
4.78577
2.7264
3.12276
1.54669
0.749285
0.361775
0.175383
0.0859762
0.0432795
0.0232026
0.0141909
0.0106759
0.00994657
0.0106985
0.0124059
0.0151162
0.0195061
0.0270186
0.0399955
0.0616193
0.0953556
0.143551
0.20546
0.277026
0.357315
0.465469
0.666035
1.10155
2.04101
3.90074
6.72965
8.06143
5.78412
3.12276
0.357065
0.2464
0.157667
0.0958022
0.05689
0.0344124
0.022567
0.0171538
0.0153914
0.0155141
0.0165149
0.0181161
0.0209526
0.0269769
0.0403684
0.0693468
0.129926
0.253056
0.496616
0.959373
1.76941
2.93624
3.93006
3.7992
2.73311
1.70505
1.07948
0.779299
0.64917
0.567123
0.471331
0.357065
0.0614989
0.041563
0.0309923
0.0271458
0.0295721
0.0388752
0.0559615
0.08101
0.111956
0.143172
0.166142
0.173443
0.164107
0.14578
0.132464
0.142464
0.202531
0.362715
0.729997
1.54209
3.32647
7.10402
12.3958
11.351
5.98037
2.78421
1.30323
0.627418
0.315863
0.169455
0.0981852
0.0614989
0.0220145
0.0199393
0.0261902
0.0443204
0.0832439
0.160807
0.309441
0.581355
1.03964
1.69395
2.3402
2.52563
2.07756
1.38623
0.82121
0.469296
0.28754
0.222317
0.240662
0.325782
0.460211
0.605331
0.696866
0.681506
0.566405
0.410006
0.267574
0.162718
0.0948822
0.0546236
0.032498
0.0220145
0.010363
0.0161083
0.0301292
0.0607479
0.126126
0.266067
0.569414
1.24074
2.77495
6.45838
14.6285
18.8672
10.3293
4.3764
1.92091
0.874775
0.412054
0.204332
0.112314
0.0740667
0.0605824
0.0572149
0.0560407
0.0530277
0.046979
0.0386538
0.0296652
0.0215162
0.0151367
0.0109374
0.0091585
0.010363
0.00488398
0.00873438
0.0163531
0.030955
0.0582854
0.108041
0.195002
0.337377
0.546317
0.79961
1.01265
1.06811
0.928859
0.683168
0.443901
0.265562
0.150962
0.0835293
0.0460074
0.0259261
0.0154852
0.0101442
0.00736655
0.00579539
0.00474208
0.00390297
0.00319227
0.00263118
0.00230625
0.00236501
0.00306625
0.00488398
0.0027017
0.00465668
0.00803311
0.0136374
0.0225364
0.035917
0.0546719
0.0786286
0.105593
0.130868
0.148163
0.152228
0.141734
0.120064
0.0933408
0.067368
0.0457152
0.0295432
0.0184186
0.0112327
0.00681008
0.00418416
0.00265785
0.00178162
0.00127353
0.000972299
0.000803683
0.000740423
0.000802201
0.00105261
0.00161762
0.0027017
