32 32 1
4.913e-10 1.70191e-09 5.405e-10
-18638.9
-37843
-75352.4
-146644
-276835
-501731
-861250
-1.37683e+06
-2.01009e+06
-2.62538e+06
-3.01596e+06
-3.00619e+06
-2.57414e+06
-1.92436e+06
-1.26901e+06
-750401
-406901
-205423
-97795.1
-44292.1
-19169
-7921.79
-3103.65
-1141.09
-410.268
231.265
3308.97
1145.13
3401.55
9157.53
-6831.5
-18638.9
-1.58936e+08
-2.85332e+08
-5.86246e+08
-1.25693e+09
-2.71118e+09
-5.79195e+09
-1.21005e+10
-2.42769e+10
-4.53688e+10
-7.51987e+10
-1.03499e+11
-1.11314e+11
-9.20144e+10
-6.09214e+10
-3.4577e+10
-1.78735e+10
-8.78916e+09
-4.25437e+09
-2.10976e+09
-1.13985e+09
-7.22064e+08
-5.50086e+08
-4.77398e+08
-4.28714e+08
-3.77455e+08
-3.19591e+08
-2.56368e+08
-1.98319e+08
-1.52097e+08
-1.23521e+08
-1.17917e+08
-1.58936e+08
-2.66971e+08
-2.05305e+08
-2.41712e+08
-4.38635e+08
-9.93712e+08
-2.46803e+09
-6.51205e+09
-1.84641e+10
-5.85313e+10
-2.24615e+11
-8.98369e+11
-1.35276e+12
-5.00452e+11
-1.18441e+11
-3.42694e+10
-1.18086e+10
-4.90315e+09
-2.83989e+09
-2.56417e+09
-3.05198e+09
-3.84091e+09
-4.59556e+09
-5.02881e+09
-4.95513e+09
-4.39173e+09
-3.52508e+09
-2.58795e+09
-1.76432e+09
-1.13496e+09
-7.01357e+08
-4.23072e+08
-2.66971e+08
-7.49109e+08
-2.17516e+08
3.31871e+08
1.22802e+09
3.06629e+09
7.13523e+09
1.63046e+10
3.66935e+10
7.94862e+10
1.56283e+11
2.48861e+11
2.78229e+11
2.08587e+11
1.16651e+11
5.55997e+10
2.38709e+10
7.95544e+09
-1.71948e+09
-1.08332e+10
-2.30081e+10
-3.98644e+10
-5.8813e+10
-7.15409e+10
-6.97464e+10
-5.48317e+10
-3.61727e+10
-2.10979e+10
-1.14038e+10
-5.92558e+09
-3.03932e+09
-1.55142e+09
-7.49109e+08
-2.96631e+09
-2.06381e+09
-1.20709e+09
-3.40589e+08
6.53202e+08
1.97233e+09
3.86691e+09
6.54014e+09
9.94296e+09
1.35178e+10
1.61789e+10
1.68172e+10
1.51078e+10
1.17847e+10
7.959e+09
4.2979e+09
5.57024e+08
-4.86817e+09
-1.66465e+10
-4.91682e+10
-1.53628e+11
-5.27335e+11
-1.36331e+12
-1.17481e+12
-3.94585e+11
-1.18219e+11
-4.08367e+10
-1.67597e+10
-8.57724e+09
-5.48101e+09
-3.99453e+09
-2.96631e+09
-3.01799e+10
-1.95388e+10
-1.13556e+10
-6.08624e+09
-3.01166e+09
-1.28805e+09
-3.04439e+08
3.00869e+08
7.13429e+08
1.0017e+09
1.18413e+09
1.26754e+09
1.28343e+09
1.32169e+09
1.56903e+09
2.40354e+09
4.66228e+09
1.03232e+10
2.41781e+10
5.76024e+10
1.34345e+11
2.81579e+11
4.3894e+11
4.09284e+11
2.3392e+11
9.71639e+10
2.39788e+10
-1.4799e+10
-3.59474e+10
-4.37348e+10
-4.01549e+10
-3.01799e+10
-2.08625e+11
-7.48241e+10
-2.78585e+10
-1.08263e+10
-4.37226e+09
-1.84018e+09
-8.33498e+08
-4.50282e+08
-3.34579e+08
-3.44993e+08
-4.11009e+08
-4.81775e+08
-5.03129e+08
-4.20559e+08
-1.46667e+08
4.34835e+08
1.50734e+09
3.35229e+09
6.3163e+09
1.06264e+10
1.59526e+10
2.08693e+10
2.28207e+10
1.89644e+10
6.26457e+09
-2.26323e+10
-9.29226e+10
-2.81372e+11
-7.10423e+11
-9.74241e+11
-5.56561e+11
-2.08625e+11
1.98167e+11
7.57994e+10
2.92471e+10
1.15317e+10
4.53942e+09
1.58715e+09
1.22879e+08
-9.06668e+08
-1.9978e+09
-3.41152e+09
-5.22624e+09
-7.27285e+09
-9.09079e+09
-1.00806e+10
-9.82095e+09
-8.384e+09
-6.26619e+09
-4.03998e+09
-2.07017e+09
-4.54122e+08
9.0502e+08
2.26272e+09
4.16717e+09
7.95287e+09
1.704e+10
4.056e+10
1.03198e+11
2.65302e+11
5.88191e+11
7.65795e+11
4.75579e+11
1.98167e+11
2.58279e+10
1.6871e+10
9.8381e+09
5.12937e+09
2.17034e+09
1.64128e+08
-1.6922e+09
-4.3698e+09
-9.43556e+09
-1.96995e+10
-3.97751e+10
-7.45756e+10
-1.21096e+11
-1.55668e+11
-1.48358e+11
-1.06211e+11
-6.17901e+10
-3.17417e+10
-1.51857e+10
-6.86066e+09
-2.72595e+09
-4.38666e+08
1.32398e+09
3.46011e+09
6.78192e+09
1.2076e+10
1.97306e+10
2.88294e+10
3.64339e+10
3.87539e+10
3.43953e+10
2.58279e+10
1.52064e+09
5.31862e+08
-7.15359e+08
-2.18177e+09
-3.7787e+09
-5.30797e+09
-6.47698e+09
-7.06324e+09
-7.20043e+09
-7.73645e+09
-1.13704e+10
-2.86774e+10
-1.18303e+11
-3.79343e+11
-2.95982e+11
-7.21403e+10
-1.73571e+10
-5.28092e+09
-1.80686e+09
-6.21928e+08
-1.43699e+08
1.16487e+08
3.39685e+08
6.04166e+08
9.49637e+08
1.38229e+09
1.86409e+09
2.29965e+09
2.5711e+09
2.56459e+09
2.21122e+09
1.52064e+09
-2.49907e+09
-5.24567e+09
-1.0806e+10
-2.14e+10
-3.95638e+10
-6.52027e+10
-8.9874e+10
-9.68508e+10
-7.70291e+10
-3.85934e+10
9.16806e+09
6.77758e+10
1.36848e+11
1.88342e+11
1.80757e+11
1.25819e+11
7.04001e+10
3.49385e+10
1.63524e+10
7.43958e+09
3.31829e+09
1.42946e+09
5.56844e+08
1.42016e+08
-6.10029e+07
-1.60646e+08
-2.12547e+08
-2.61269e+08
-3.60741e+08
-6.09035e+08
-1.19872e+09
-2.49907e+09
-2.60014e+09
-3.6647e+09
-7.66032e+09
-2.01401e+10
-6.14248e+10
-2.23812e+11
-8.84713e+11
-1.52986e+12
-6.56496e+11
-1.58065e+11
-4.03844e+10
-6.82085e+09
5.34044e+09
1.00986e+10
1.11472e+10
9.96004e+09
7.68406e+09
5.25242e+09
3.1865e+09
1.61128e+09
4.19031e+08
-5.70718e+08
-1.50993e+09
-2.4689e+09
-3.4005e+09
-4.15293e+09
-4.54414e+09
-4.46285e+09
-3.97162e+09
-3.28456e+09
-2.70038e+09
-2.60014e+09
-6.94354e+09
1.60427e+09
1.27277e+10
3.35422e+10
7.66551e+10
1.57924e+11
2.66436e+11
3.14596e+11
2.42129e+11
1.35612e+11
6.48377e+10
2.93739e+10
1.33732e+10
6.37681e+09
3.28207e+09
1.8189e+09
1.00251e+09
3.84597e+08
-3.04947e+08
-1.35612e+09
-3.23387e+09
-6.73542e+09
-1.30902e+10
-2.36963e+10
-3.88445e+10
-5.52293e+10
-6.50987e+10
-6.19093e+10
-4.78279e+10
-3.09614e+10
-1.70546e+10
-6.94354e+09
-1.22899e+10
-2.90704e+09
2.01639e+09
5.97133e+09
1.01078e+10
1.43139e+10
1.7576e+10
1.86462e+10
1.70548e+10
1.35857e+10
9.60957e+09
6.18347e+09
3.71006e+09
2.12e+09
1.16588e+09
6.07613e+08
2.58385e+08
-3.37179e+07
-4.35468e+08
-1.2429e+09
-3.1538e+09
-8.02552e+09
-2.12138e+10
-5.95685e+10
-1.81873e+11
-5.90414e+11
-1.32934e+12
-1.01717e+12
-3.46532e+11
-1.07917e+11
-3.62639e+10
-1.22899e+10
1.80297e+10
7.75633e+09
3.65449e+09
2.08509e+09
1.56394e+09
1.45566e+09
1.46685e+09
1.4542e+09
1.35225e+09
1.17124e+09
9.42282e+08
7.08129e+08
5.05588e+08
3.51451e+08
2.47832e+08
2.03635e+08
2.40375e+08
4.13111e+08
8.69309e+08
1.97301e+09
4.61656e+09
1.10073e+10
2.66445e+10
6.49683e+10
1.55027e+11
3.30493e+11
5.06634e+11
4.42898e+11
2.40138e+11
1.05158e+11
4.34791e+10
1.80297e+10
5.1803e+09
2.80309e+09
1.46618e+09
7.6581e+08
4.18483e+08
2.53525e+08
1.77324e+08
1.4084e+08
1.17027e+08
9.89588e+07
8.19862e+07
6.60632e+07
5.40587e+07
4.76744e+07
4.87457e+07
6.62427e+07
1.16883e+08
2.31971e+08
4.7552e+08
9.69426e+08
1.92942e+09
3.69543e+09
6.70041e+09
1.12642e+10
1.71037e+10
2.2789e+10
2.59768e+10
2.4988e+10
2.03722e+10
1.43641e+10
9.01178e+09
5.1803e+09
-5.18163e+09
-2.80369e+09
-1.46644e+09
-7.65912e+08
-4.18523e+08
-2.53539e+08
-1.77329e+08
-1.40841e+08
-1.17027e+08
-9.89585e+07
-8.19829e+07
-6.60572e+07
-5.40577e+07
-4.76578e+07
-4.87429e+07
-6.6266e+07
-1.16934e+08
-2.32077e+08
-4.75738e+08
-9.69873e+08
-1.93032e+09
-3.69718e+09
-6.70365e+09
-1.12698e+10
-1.71123e+10
-2.28005e+10
-2.59895e+10
-2.49995e+10
-2.03806e+10
-1.43692e+10
-9.01454e+09
-5.18163e+09
-1.80271e+10
-7.75495e+09
-3.65382e+09
-2.08478e+09
-1.5638e+09
-1.45559e+09
-1.46682e+09
-1.45418e+09
-1.35224e+09
-1.17123e+09
-9.42277e+08
-7.08122e+08
-5.05582e+08
-3.51441e+08
-2.47823e+08
-2.0363e+08
-2.40371e+08
-4.13112e+08
-8.69326e+08
-1.97309e+09
-4.61687e+09
-1.10084e+10
-2.66486e+10
-6.49834e+10
-1.5508e+11
-3.3065e+11
-5.06903e+11
-4.43074e+11
-2.40181e+11
-1.0516e+11
-4.34755e+10
-1.80271e+10
1.22921e+10
2.9081e+09
-2.01592e+09
-5.97112e+09
-1.01077e+10
-1.43138e+10
-1.75759e+10
-1.86462e+10
-1.70547e+10
-1.35857e+10
-9.60953e+09
-6.18343e+09
-3.71e+09
-2.11996e+09
-1.16583e+09
-6.07533e+08
-2.58281e+08
3.38829e+07
4.35785e+08
1.24359e+09
3.1554e+09
8.02939e+09
2.12234e+10
5.95926e+10
1.81928e+11
5.90446e+11
1.32895e+12
1.01676e+12
3.4647e+11
1.07918e+11
3.62679e+10
1.22921e+10
6.94029e+09
-1.60574e+09
-1.27284e+10
-3.35425e+10
-7.66552e+10
-1.57924e+11
-2.66436e+11
-3.14596e+11
-2.42129e+11
-1.35612e+11
-6.48374e+10
-2.93734e+10
-1.33725e+10
-6.37611e+09
-3.28134e+09
-1.8182e+09
-1.00192e+09
-3.8413e+08
3.05283e+08
1.35631e+09
3.23382e+09
6.73482e+09
1.30882e+10
2.36911e+10
3.88332e+10
5.52092e+10
6.50713e+10
6.18816e+10
4.78067e+10
3.09485e+10
1.70478e+10
6.94029e+09
2.59955e+09
3.66434e+09
7.66012e+09
2.014e+10
6.14248e+10
2.23812e+11
8.84713e+11
1.52986e+12
6.56497e+11
1.58067e+11
4.03879e+10
6.82658e+09
-5.33231e+09
-1.00888e+10
-1.11371e+10
-9.95127e+09
-7.67748e+09
-5.24806e+09
-3.1839e+09
-1.60989e+09
-4.18401e+08
5.7083e+08
1.50962e+09
2.46819e+09
3.39936e+09
4.15139e+09
4.54234e+09
4.46104e+09
3.97001e+09
3.2833e+09
2.69947e+09
2.59955e+09
2.49914e+09
5.24572e+09
1.08061e+10
2.14e+10
3.95637e+10
6.52026e+10
8.98737e+10
9.68502e+10
7.70287e+10
3.85949e+10
-9.15817e+09
-6.77389e+10
-1.3675e+11
-1.88172e+11
-1.80581e+11
-1.25705e+11
-7.03459e+10
-3.49164e+10
-1.6344e+10
-7.4364e+09
-3.3171e+09
-1.42902e+09
-5.56689e+08
-1.41971e+08
6.10075e+07
1.6064e+08
2.12536e+08
2.61283e+08
3.60787e+08
6.09101e+08
1.19878e+09
2.49914e+09
-1.51908e+09
-5.30756e+08
7.16053e+08
2.18212e+09
3.77874e+09
5.30762e+09
6.47589e+09
7.06041e+09
7.19309e+09
7.71642e+09
1.13108e+10
2.84711e+10
1.17391e+11
3.76294e+11
2.93454e+11
7.15077e+10
1.72061e+10
5.23534e+09
1.79117e+09
6.16111e+08
1.4148e+08
-1.1727e+08
-3.398e+08
-6.03861e+08
-9.48952e+08
-1.38118e+09
-1.86254e+09
-2.29771e+09
-2.56892e+09
-2.56241e+09
-2.20927e+09
-1.51908e+09
-2.58114e+10
-1.68623e+10
-9.83409e+09
-5.12769e+09
-2.16963e+09
-1.63659e+08
1.69293e+09
4.37155e+09
9.44002e+09
1.97108e+10
3.98026e+10
7.46367e+10
1.21207e+11
1.55814e+11
1.4848e+11
1.06276e+11
6.18151e+10
3.17489e+10
1.51871e+10
6.86066e+09
2.72588e+09
4.38931e+08
-1.32305e+09
-3.45789e+09
-6.77724e+09
-1.20668e+10
-1.97144e+10
-2.88045e+10
-3.64021e+10
-3.87216e+10
-3.43695e+10
-2.58114e+10
-1.98165e+11
-7.58196e+10
-2.92593e+10
-1.15375e+10
-4.542e+09
-1.58813e+09
-1.22968e+08
9.07285e+08
1.99926e+09
3.41416e+09
5.23049e+09
7.27895e+09
9.09848e+09
1.00889e+10
9.82872e+09
8.39019e+09
6.27044e+09
4.04255e+09
2.07157e+09
4.54802e+08
-9.04747e+08
-2.26268e+09
-4.16726e+09
-7.95283e+09
-1.70387e+10
-4.05519e+10
-1.03158e+11
-2.65118e+11
-5.87576e+11
-7.65021e+11
-4.75347e+11
-1.98165e+11
2.08724e+11
7.48388e+10
2.78593e+10
1.08255e+10
4.37166e+09
1.83987e+09
8.33396e+08
4.50317e+08
3.34727e+08
3.4525e+08
4.11372e+08
4.82237e+08
5.03678e+08
4.21141e+08
1.47223e+08
-4.3435e+08
-1.50696e+09
-3.35202e+09
-6.31616e+09
-1.06264e+10
-1.59528e+10
-2.087e+10
-2.28224e+10
-1.89684e+10
-6.27364e+09
2.26122e+10
9.28849e+10
2.81362e+11
7.10828e+11
9.75274e+11
5.57062e+11
2.08724e+11
3.02064e+10
1.95547e+10
1.1364e+10
6.09035e+09
3.01355e+09
1.28884e+09
3.04696e+08
-3.00901e+08
-7.13642e+08
-1.00204e+09
-1.18456e+09
-1.26801e+09
-1.28386e+09
-1.32206e+09
-1.56931e+09
-2.40374e+09
-4.66242e+09
-1.03233e+10
-2.41781e+10
-5.76024e+10
-1.34345e+11
-2.81579e+11
-4.38939e+11
-4.09283e+11
-2.33917e+11
-9.71583e+10
-2.39666e+10
1.48219e+10
3.59819e+10
4.37754e+10
4.01917e+10
3.02064e+10
2.96853e+09
2.06551e+09
1.20827e+09
3.41297e+08
-6.52901e+08
-1.97245e+09
-3.86762e+09
-6.54177e+09
-9.94597e+09
-1.35226e+10
-1.61853e+10
-1.68242e+10
-1.51142e+10
-1.17898e+10
-7.96243e+09
-4.29997e+09
-5.58177e+08
4.86757e+09
1.66462e+10
4.91681e+10
1.53628e+11
5.27335e+11
1.36331e+12
1.17481e+12
3.94586e+11
1.1822e+11
4.08382e+10
1.67617e+10
8.57972e+09
5.48368e+09
3.99713e+09
2.96853e+09
7.49319e+08
2.17723e+08
-3.31645e+08
-1.22773e+09
-3.06584e+09
-7.13456e+09
-1.63039e+10
-3.66944e+10
-7.94958e+10
-1.56322e+11
-2.4896e+11
-2.78366e+11
-2.08686e+11
-1.16698e+11
-5.56173e+10
-2.38771e+10
-7.95759e+09
1.71874e+09
1.08329e+10
2.3008e+10
3.98644e+10
5.8813e+10
7.1541e+10
6.97464e+10
5.48318e+10
3.61728e+10
2.1098e+10
1.1404e+10
5.92577e+09
3.0395e+09
1.55163e+09
7.49319e+08
2.67013e+08
2.0538e+08
2.41865e+08
4.38978e+08
9.94524e+08
2.47003e+09
6.51719e+09
1.84781e+10
5.85715e+10
2.24736e+11
8.98753e+11
1.35358e+12
5.00898e+11
1.18564e+11
3.43062e+10
1.18211e+10
4.90773e+09
2.84167e+09
2.56489e+09
3.05228e+09
3.84103e+09
4.59562e+09
5.02884e+09
4.95514e+09
4.39174e+09
3.5251e+09
2.58797e+09
1.76433e+09
1.13497e+09
7.01372e+08
4.231e+08
2.67013e+08
1.58913e+08
2.85279e+08
5.86124e+08
1.25664e+09
2.71051e+09
5.79035e+09
1.20967e+10
2.42683e+10
4.53504e+10
7.5165e+10
1.03451e+11
1.11266e+11
9.19808e+10
6.09047e+10
3.45705e+10
1.78715e+10
8.78864e+09
4.2543e+09
2.10979e+09
1.13988e+09
7.2209e+08
5.50101e+08
4.77407e+08
4.28719e+08
3.77458e+08
3.19593e+08
2.56373e+08
1.98322e+08
1.52103e+08
1.23535e+08
1.1791e+08
1.58913e+08
-18638.9
-37843
-75352.4
-146644
-276835
-501731
-861250
-1.37683e+06
-2.01009e+06
-2.62538e+06
-3.01596e+06
-3.00619e+06
-2.57414e+06
-1.92436e+06
-1.26901e+06
-750401
-406901
-205423
-97795.1
-44292.1
-19169
-7921.79
-3103.65
-1141.09
-410.267
231.265
3308.98
1145.13
3401.54
9157.52
-6831.5
-18638.9
