32 32 1
5.405e-10 4.913e-10 1.70191e-09
-1.86046e+10
-4.08726e+10
-6.70361e+10
-4.94312e+10
1.57447e+10
7.1252e+09
-2.28524e+10
2.67175e+10
6.96741e+10
5.0356e+10
2.47777e+10
9.56355e+09
1.66098e+09
-2.77758e+09
-7.39307e+09
-1.69109e+10
-3.51458e+10
-6.47169e+10
-1.14633e+11
-2.25971e+11
-3.67355e+11
2.5788e+11
2.87807e+11
1.414e+11
7.81687e+10
4.36027e+10
2.19181e+10
9.80039e+09
4.08486e+09
4.8975e+07
-6.33202e+09
-1.86046e+10
-1.01703e+10
-1.58294e+10
-1.99965e+10
-1.27122e+10
1.11795e+09
1.13249e+09
-3.02488e+09
7.68641e+09
1.92345e+10
1.78307e+10
1.18387e+10
7.61073e+09
4.52229e+09
1.67902e+08
-7.55922e+09
-2.06417e+10
-4.13722e+10
-7.43234e+10
-1.38968e+11
-3.52816e+11
-1.22684e+12
1.12439e+12
5.37586e+11
1.80658e+11
9.03012e+10
5.06391e+10
2.65862e+10
1.12391e+10
1.94612e+09
-3.31545e+09
-6.56686e+09
-1.01703e+10
-4.50879e+09
-4.02933e+08
2.11383e+09
4.038e+09
4.45758e+09
8.57821e+08
-3.70973e+09
-4.51491e+09
-2.77114e+09
-5.87228e+08
3.01248e+09
7.35493e+09
9.05438e+09
5.40568e+09
-4.21374e+09
-1.93828e+10
-4.00177e+10
-6.88535e+10
-1.19795e+11
-2.5184e+11
-4.8676e+11
3.63166e+11
3.35338e+11
1.49456e+11
8.20321e+10
4.84449e+10
2.56365e+10
8.69274e+09
-2.83987e+09
-8.49098e+09
-8.38224e+09
-4.50879e+09
-1.27834e+09
1.2831e+10
1.94481e+10
1.79666e+10
1.12558e+10
1.70128e+09
-8.28906e+09
-1.61851e+10
-1.9721e+10
-1.60414e+10
-3.86802e+09
1.09744e+10
1.86074e+10
1.48877e+10
1.80239e+09
-1.67279e+10
-3.60047e+10
-5.34423e+10
-7.5356e+10
-1.08461e+11
-9.71501e+10
5.66532e+10
1.16643e+11
8.5545e+10
5.9706e+10
4.19613e+10
2.33228e+10
3.99742e+09
-1.13814e+10
-1.85965e+10
-1.46833e+10
-1.27834e+09
6.08904e+08
3.32089e+10
4.2942e+10
3.51765e+10
2.01657e+10
2.92485e+09
-1.45495e+10
-3.06466e+10
-4.16949e+10
-3.91292e+10
-1.31647e+10
2.2883e+10
3.8705e+10
3.07069e+10
8.75298e+09
-1.94422e+10
-4.13301e+10
-3.88005e+10
-2.56068e+10
-2.75123e+10
-2.03163e+10
1.11737e+10
2.79949e+10
2.48596e+10
3.35823e+10
4.3648e+10
2.8411e+10
3.58791e+08
-2.45264e+10
-3.81731e+10
-3.12104e+10
6.08904e+08
2.12288e+09
8.75748e+10
8.55199e+10
5.86439e+10
3.0888e+10
4.35011e+09
-2.1952e+10
-4.92834e+10
-7.72271e+10
-9.3565e+10
-4.0386e+10
6.5728e+10
8.50028e+10
5.56744e+10
1.44412e+10
-3.83337e+10
-8.7906e+10
-4.2995e+10
5.65163e+10
4.56639e+10
1.34251e+10
-6.22574e+09
-3.34994e+10
-6.23191e+10
2.02939e+09
8.95347e+10
5.76538e+10
1.76647e+09
-4.30136e+10
-7.7432e+10
-8.25107e+10
2.12288e+09
4.13316e+09
2.99327e+11
1.6403e+11
8.60353e+10
4.11996e+10
5.64571e+09
-2.88635e+10
-6.92261e+10
-1.31509e+11
-2.55431e+11
-2.05156e+11
2.92921e+11
1.94885e+11
8.91996e+10
1.87938e+10
-7.5478e+10
-2.45084e+11
-1.29846e+11
2.90026e+11
1.48404e+11
4.14321e+10
-1.95388e+10
-1.03053e+11
-2.63392e+11
-7.00867e+10
2.89209e+11
1.22719e+11
7.18638e+09
-6.50385e+10
-1.51749e+11
-2.90156e+11
4.13316e+09
7.62061e+09
8.21318e+11
2.41144e+11
1.0331e+11
4.65884e+10
6.28834e+09
-3.23745e+10
-8.07819e+10
-1.75864e+11
-5.26471e+11
-1.06608e+12
1.15715e+12
3.28262e+11
1.10709e+11
2.57378e+10
-8.63483e+10
-3.63362e+11
-2.23254e+11
5.02602e+11
2.08483e+11
5.42165e+10
-2.54573e+10
-1.39175e+11
-4.23922e+11
-1.42017e+11
4.66721e+11
1.52228e+11
3.15519e+09
-7.85985e+10
-2.2134e+11
-8.04581e+11
7.62061e+09
1.35587e+10
5.06133e+11
2.02293e+11
9.42025e+10
4.35021e+10
5.9179e+09
-3.03432e+10
-7.44664e+10
-1.53612e+11
-3.76318e+11
-4.7301e+11
5.71758e+11
2.36107e+11
8.33911e+10
3.81574e+10
-2.61327e+10
-1.59626e+11
-6.93002e+10
2.35833e+11
1.38322e+11
4.28145e+10
-2.0519e+10
-1.00196e+11
-2.22452e+11
-7.19378e+10
1.88905e+11
6.47215e+10
-2.37359e+10
-6.35275e+10
-1.63233e+11
-4.74351e+11
1.35587e+10
2.15107e+10
1.44179e+11
1.08722e+11
6.50937e+10
3.33269e+10
4.73726e+09
-2.37375e+10
-5.36955e+10
-9.24625e+10
-1.39825e+11
-8.52375e+10
7.87129e+10
4.2824e+10
-1.78775e+10
6.60831e+10
8.71447e+10
1.49242e+10
1.83718e+10
7.41443e+10
6.14034e+10
2.36082e+10
-1.16412e+10
-4.89878e+10
-7.69991e+10
-4.03138e+10
-2.7316e+09
-6.33709e+10
-9.35873e+10
4.92315e+09
-1.34426e+10
-8.59492e+10
2.15107e+10
2.65831e+10
4.49489e+10
4.06708e+10
3.02364e+10
2.1785e+10
3.78668e+09
-1.7081e+10
-2.77655e+10
-3.67616e+10
-4.58763e+10
-3.37483e+10
-2.63433e+10
-1.16702e+11
-2.88323e+11
1.75846e+11
2.90443e+11
1.0815e+11
4.45058e+10
3.37152e+10
2.46808e+10
1.01251e+10
-5.06019e+09
-2.01243e+10
-3.15808e+10
-3.84625e+10
-7.6443e+10
-2.16873e+11
-3.23227e+11
2.29883e+11
1.80426e+11
4.13141e+10
2.65831e+10
1.99636e+10
-2.88214e+09
-2.39803e+10
-1.54974e+10
2.26222e+10
6.89415e+09
-2.4653e+10
1.7353e+09
2.68769e+10
1.03386e+10
-1.13838e+10
-4.95794e+10
-1.8217e+11
-4.59738e+11
2.47579e+11
3.91775e+11
1.3374e+11
4.58203e+10
1.72567e+10
6.76033e+09
1.91441e+09
-9.07057e+08
-4.75553e+09
-1.27117e+10
-3.26438e+10
-9.28787e+10
-2.79931e+11
-4.69934e+11
3.84661e+11
2.74294e+11
7.6943e+10
1.99636e+10
3.18326e+07
-5.24729e+10
-1.3666e+11
-1.31657e+11
1.03527e+11
2.93745e+10
-1.13701e+11
5.19449e+10
1.62726e+11
7.66599e+10
1.54595e+10
-3.29939e+10
-1.10645e+11
-1.81351e+11
9.0476e+10
1.8878e+11
8.67557e+10
2.66748e+10
2.62209e+08
-8.14835e+09
-5.34929e+09
2.82274e+09
8.21164e+09
4.09563e+09
-1.51359e+10
-6.15281e+10
-1.53938e+11
-1.78145e+11
1.35517e+11
1.4562e+11
5.38143e+10
3.18326e+07
-2.06101e+10
-9.49416e+10
-2.95844e+11
-4.06637e+11
3.69142e+11
8.03912e+10
-3.65163e+11
1.50635e+11
4.03806e+11
1.40099e+11
3.89828e+10
-7.67983e+09
-4.08289e+10
-4.33709e+10
2.00508e+10
5.49974e+10
2.9959e+10
-1.93641e+09
-2.27944e+10
-2.88764e+10
-1.65325e+10
8.68313e+09
2.68694e+10
2.66587e+10
1.03499e+10
-1.85284e+10
-5.01803e+10
-4.07237e+10
2.79465e+10
4.77614e+10
1.97987e+10
-2.06101e+10
-2.82947e+10
-9.34738e+10
-2.60335e+11
-3.27124e+11
2.81466e+11
6.50666e+10
-2.85454e+11
1.25455e+11
3.41708e+11
1.32872e+11
4.398e+10
6.84331e+09
-1.06141e+10
-1.18073e+10
1.27731e+09
6.68176e+09
-7.14297e+09
-3.05386e+10
-5.38591e+10
-6.71037e+10
-4.44988e+10
2.42072e+10
6.53869e+10
6.0199e+10
3.87154e+10
1.44802e+10
-3.90089e+09
-5.13761e+09
8.28367e+09
1.3034e+10
6.16224e+08
-2.82947e+10
-2.31428e+10
-5.82801e+10
-1.12607e+11
-9.45086e+10
5.12312e+10
1.73171e+10
-6.21465e+10
4.46479e+10
1.24757e+11
7.53156e+10
3.23716e+10
1.01336e+10
-4.35511e+08
-4.3185e+09
-5.82359e+09
-1.22396e+10
-2.85754e+10
-5.51765e+10
-9.38329e+10
-1.52898e+11
-1.63604e+11
1.00329e+11
1.73417e+11
1.11016e+11
6.6472e+10
3.63544e+10
1.65273e+10
7.06193e+09
4.77107e+09
2.31911e+09
-5.6488e+09
-2.31428e+10
-1.41083e+10
-2.67372e+10
-3.8333e+10
-2.63132e+10
3.7869e+09
2.74125e+09
-7.78097e+09
1.56474e+10
3.81785e+10
3.15336e+10
1.77711e+10
8.54365e+09
3.10529e+09
-1.4408e+09
-7.94586e+09
-1.95699e+10
-3.9355e+10
-7.13457e+10
-1.31322e+11
-3.06639e+11
-8.06639e+11
6.73608e+11
4.38574e+11
1.67866e+11
8.6583e+10
4.83772e+10
2.51365e+10
1.11084e+10
3.24955e+09
-1.62124e+09
-6.44985e+09
-1.41083e+10
-6.97585e+09
-7.36904e+09
-7.47277e+09
-3.39359e+09
2.05273e+09
7.35658e+08
-2.48803e+09
1.24579e+09
6.6995e+09
7.62643e+09
6.99723e+09
7.12857e+09
6.37503e+09
2.36827e+09
-6.28962e+09
-2.04575e+10
-4.14442e+10
-7.33639e+10
-1.34672e+11
-3.27947e+11
-9.89116e+11
8.65114e+11
4.84128e+11
1.73492e+11
8.86343e+10
5.05199e+10
2.66129e+10
1.03712e+10
-3.41185e+07
-5.48179e+09
-7.09919e+09
-6.97585e+09
-2.65709e+09
6.00934e+09
1.06323e+10
1.088e+10
7.59137e+09
1.21555e+09
-5.75077e+09
-1.01731e+10
-1.11396e+10
-8.08753e+09
-4.66072e+08
8.5273e+09
1.2962e+10
9.50106e+09
-1.45459e+09
-1.79084e+10
-3.78291e+10
-6.17767e+10
-9.8681e+10
-1.71083e+11
-2.11138e+11
1.3481e+11
2.02554e+11
1.17682e+11
7.18564e+10
4.51957e+10
2.42511e+10
6.45297e+09
-6.58786e+09
-1.27135e+10
-1.0756e+10
-2.65709e+09
-2.3207e+08
2.12567e+10
2.97706e+10
2.59094e+10
1.54418e+10
2.27674e+09
-1.12334e+10
-2.29202e+10
-2.95684e+10
-2.57554e+10
-7.77175e+09
1.53105e+10
2.67566e+10
2.18422e+10
5.30512e+09
-1.68092e+10
-3.62583e+10
-4.52594e+10
-5.14251e+10
-6.32597e+10
-4.6916e+10
2.61008e+10
6.40235e+10
5.52876e+10
4.67914e+10
4.05021e+10
2.41097e+10
1.78352e+09
-1.73242e+10
-2.67645e+10
-2.09639e+10
-2.3207e+08
1.35845e+09
5.25042e+10
6.07288e+10
4.60764e+10
2.53759e+10
3.62671e+09
-1.81717e+10
-3.9479e+10
-5.72008e+10
-5.9548e+10
-2.21931e+10
3.69301e+10
5.67709e+10
4.18777e+10
1.18549e+10
-2.61656e+10
-5.58727e+10
-3.64047e+10
6.81821e+09
6.6348e+09
-2.15186e+09
1.5942e+09
-2.40364e+09
-1.11425e+10
1.94973e+10
5.65572e+10
3.8664e+10
2.58552e+08
-3.30879e+10
-5.43273e+10
-4.89886e+10
1.35845e+09
3.00918e+09
1.57292e+11
1.19869e+11
7.24012e+10
3.63418e+10
5.04498e+09
-2.56347e+10
-5.95409e+10
-1.02428e+11
-1.5325e+11
-8.38521e+10
1.31338e+11
1.29413e+11
7.19317e+10
1.66073e+10
-5.59229e+10
-1.49221e+11
-6.96247e+10
1.44276e+11
9.37307e+10
2.81849e+10
-1.3346e+10
-6.78571e+10
-1.43409e+11
-2.51519e+10
1.61597e+11
8.69389e+10
4.52745e+09
-5.39947e+10
-1.09886e+11
-1.50428e+11
3.00918e+09
5.62416e+09
5.54527e+11
2.10566e+11
9.72559e+10
4.48159e+10
6.08079e+09
-3.12317e+10
-7.68416e+10
-1.59123e+11
-4.02006e+11
-5.47953e+11
6.68709e+11
2.73334e+11
1.03913e+11
2.16596e+10
-8.88357e+10
-3.41895e+11
-2.04861e+11
4.52202e+11
1.94343e+11
5.08872e+10
-2.38815e+10
-1.30419e+11
-3.8641e+11
-1.22509e+11
4.30823e+11
1.50989e+11
7.48773e+09
-7.416e+10
-1.95236e+11
-5.42212e+11
5.62416e+09
1.02469e+10
7.90009e+11
2.3777e+11
1.0227e+11
4.61498e+10
6.23298e+09
-3.2076e+10
-7.9987e+10
-1.738e+11
-5.12831e+11
-9.98095e+11
1.08896e+12
3.14698e+11
1.04668e+11
3.11901e+10
-6.41427e+10
-2.8163e+11
-1.56596e+11
3.92532e+11
1.83726e+11
5.09016e+10
-2.40815e+10
-1.26327e+11
-3.43873e+11
-1.12757e+11
3.51418e+11
1.19429e+11
-7.06898e+09
-7.5705e+10
-2.10808e+11
-7.66999e+11
1.02469e+10
1.74474e+10
2.7073e+11
1.5387e+11
8.10094e+10
3.90173e+10
5.38914e+09
-2.74169e+10
-6.52325e+10
-1.23692e+11
-2.35008e+11
-1.83382e+11
2.29031e+11
1.36268e+11
4.51092e+10
4.8031e+10
2.33022e+10
-5.76183e+10
-1.18848e+10
1.2881e+11
9.43691e+10
3.29234e+10
-1.60161e+10
-7.21933e+10
-1.30398e+11
-4.84618e+10
6.92613e+10
2.63078e+09
-4.93414e+10
-3.9382e+10
-9.39564e+10
-2.27158e+11
1.74474e+10
2.49459e+10
8.05698e+10
7.17427e+10
4.80756e+10
2.72285e+10
4.11276e+09
-1.99495e+10
-4.10162e+10
-6.36659e+10
-8.26234e+10
-4.99052e+10
9.5824e+09
-4.15077e+10
-1.25061e+11
1.04959e+11
1.75849e+11
6.83093e+10
3.50817e+10
4.76583e+10
3.92428e+10
1.59787e+10
-7.95532e+09
-3.20143e+10
-4.8004e+10
-3.87088e+10
-4.74969e+10
-1.37397e+11
-1.79083e+11
8.9325e+10
7.90663e+10
-6.61162e+09
2.49459e+10
2.51804e+10
1.98563e+10
1.07189e+10
1.02839e+10
1.88583e+10
4.31407e+09
-1.71423e+10
-1.38351e+10
-8.4969e+09
-1.73247e+10
-2.26143e+10
-4.45267e+10
-1.69736e+11
-4.4317e+11
2.47605e+11
3.86974e+11
1.31648e+11
4.80616e+10
2.47882e+10
1.46155e+10
5.62637e+09
-2.79598e+09
-1.15601e+10
-2.10194e+10
-3.69041e+10
-9.17998e+10
-2.76385e+11
-4.64797e+11
3.70049e+11
2.60468e+11
6.84245e+10
2.51804e+10
1.11392e+10
-2.68435e+10
-7.06219e+10
-5.62019e+10
4.33627e+10
1.39695e+10
-5.00321e+10
2.16001e+10
7.90866e+10
4.12855e+10
1.47097e+09
-4.44098e+10
-1.54928e+11
-3.29768e+11
1.71116e+11
3.01114e+11
1.1579e+11
3.82546e+10
9.35496e+09
-4.54511e+08
-1.56675e+09
8.75464e+08
1.51039e+09
-4.70271e+09
-2.52676e+10
-8.11911e+10
-2.2659e+11
-3.30155e+11
2.65384e+11
2.20503e+11
6.992e+10
1.11392e+10
-1.1274e+10
-7.70183e+10
-2.21034e+11
-2.62373e+11
2.26527e+11
5.48104e+10
-2.33211e+11
9.95382e+10
2.84677e+11
1.12815e+11
2.87609e+10
-1.96599e+10
-7.01273e+10
-8.88619e+10
4.30935e+10
1.05763e+11
5.63414e+10
1.27868e+10
-1.03843e+10
-1.72661e+10
-1.00351e+10
5.25622e+09
1.62726e+10
1.43608e+10
-3.00877e+09
-3.93942e+10
-9.27739e+10
-8.61477e+10
6.09183e+10
8.58735e+10
3.55956e+10
-1.1274e+10
-2.64362e+10
-1.00792e+11
-3.12887e+11
-4.39828e+11
3.99766e+11
8.55743e+10
-3.9323e+11
1.6321e+11
4.30638e+11
1.47553e+11
4.42158e+10
1.26925e+09
-2.19709e+10
-2.19965e+10
8.18014e+09
2.49478e+10
8.9822e+09
-1.65484e+10
-3.71959e+10
-4.45757e+10
-2.66319e+10
1.41479e+10
4.19695e+10
4.16507e+10
2.43835e+10
-4.98194e+08
-2.22244e+10
-1.78073e+10
1.41173e+10
2.55287e+10
8.15501e+09
-2.64362e+10
-2.67918e+10
-7.72604e+10
-1.80261e+11
-1.84888e+11
1.36891e+11
3.71276e+10
-1.48693e+11
7.68322e+10
2.17551e+11
1.04985e+11
3.93818e+10
9.51886e+09
-4.08431e+09
-6.85196e+09
-3.06805e+09
-4.83227e+09
-1.93991e+10
-4.35612e+10
-7.29117e+10
-1.01088e+11
-8.07305e+10
4.58631e+10
1.0469e+11
8.32342e+10
5.29596e+10
2.66769e+10
8.31348e+09
2.41627e+09
5.84201e+09
6.13877e+09
-3.64521e+09
-2.67918e+10
-1.86046e+10
-4.08726e+10
-6.70361e+10
-4.94312e+10
1.57447e+10
7.1252e+09
-2.28524e+10
2.67175e+10
6.96741e+10
5.0356e+10
2.47777e+10
9.56355e+09
1.66098e+09
-2.77758e+09
-7.39307e+09
-1.69109e+10
-3.51458e+10
-6.47169e+10
-1.14633e+11
-2.25971e+11
-3.67355e+11
2.5788e+11
2.87807e+11
1.414e+11
7.81687e+10
4.36027e+10
2.19181e+10
9.80039e+09
4.08486e+09
4.8975e+07
-6.33202e+09
-1.86046e+10
