32 32 1
4.913e-10 1.70191e-09 5.405e-10
-5.57153
-5.58115
-5.56442
-5.51567
-5.42613
-5.27965
-5.05095
-4.70385
-4.17911
-3.39871
-2.23762
-0.501336
2.11847
6.15479
12.9127
27.5983
71.9441
82.813
31.9511
14.415
6.82388
2.40251
-0.441455
-2.30038
-3.51341
-4.29743
-4.80127
-5.12325
-5.32766
-5.45544
-5.53183
-5.57153
-5.5878
-5.59064
-5.56656
-5.50617
-5.3927
-5.19631
-4.87036
-4.35351
-3.58414
-2.56256
-1.40283
-0.277176
0.807589
2.06872
3.66001
5.37844
6.59641
6.58442
5.23029
3.14854
0.999413
-0.856437
-2.3091
-3.37929
-4.13813
-4.66004
-5.01243
-5.24695
-5.40077
-5.49919
-5.55842
-5.5878
-5.61359
-5.60643
-5.57083
-5.48934
-5.32173
-4.98079
-4.27423
-2.76373
0.602822
8.54912
26.0161
35.2415
17.5654
5.37948
0.56268
-1.34582
-2.14472
-2.56833
-2.91649
-3.27981
-3.66526
-4.04633
-4.39671
-4.70086
-4.95321
-5.15525
-5.31133
-5.42754
-5.5105
-5.56637
-5.59992
-5.61359
-5.58854
-5.58829
-5.56456
-5.51224
-5.41221
-5.22673
-4.88704
-4.28105
-3.27917
-1.85683
-0.44477
0.00172394
-0.883392
-2.28184
-3.42062
-4.12334
-4.48595
-4.62593
-4.61403
-4.48049
-4.25717
-4.01864
-3.89435
-3.99165
-4.28976
-4.66687
-5.00489
-5.25436
-5.41724
-5.51438
-5.56663
-5.58854
-5.37846
-5.38524
-5.3647
-5.32704
-5.27653
-5.21631
-5.14888
-5.07511
-5.00745
-4.95154
-4.92361
-4.936
-4.98669
-5.05619
-5.11275
-5.11676
-5.01209
-4.69332
-3.9351
-2.23802
1.51033
9.46272
20.6087
18.3911
7.05451
0.304752
-2.82422
-4.2504
-4.90241
-5.19904
-5.3293
-5.37846
-4.28783
-4.35949
-4.34162
-4.23416
-4.06656
-3.88492
-3.73955
-3.67104
-3.70651
-3.83861
-4.04248
-4.28152
-4.51874
-4.72401
-4.87416
-4.94745
-4.91305
-4.7109
-4.2257
-3.25985
-1.55034
0.915673
3.01495
2.73708
0.483139
-1.69449
-3.02132
-3.65311
-3.90945
-4.0391
-4.16421
-4.28783
2.69196
-0.0646526
-0.915818
-0.617085
0.350496
1.61212
2.75222
3.31855
3.04118
2.01502
0.609215
-0.813816
-2.03732
-2.97995
-3.64041
-4.05149
-4.25405
-4.28468
-4.17584
-3.96357
-3.68967
-3.40455
-3.14744
-2.9028
-2.54128
-1.74244
0.0930852
3.88308
9.76945
12.5954
7.95877
2.69196
3.30642
1.50777
1.79234
3.91046
8.08124
15.714
32.3816
61.5914
44.5263
20.9035
10.528
4.98956
1.56475
-0.594758
-1.89019
-2.55529
-2.72346
-2.46595
-1.82693
-0.862507
0.313332
1.48974
2.37759
2.74765
2.64753
2.53938
3.17733
5.41172
9.13753
10.6572
7.23414
3.30642
-1.75219
-1.46295
-0.538046
1.09777
3.48349
6.51427
9.6656
11.5912
10.9226
8.39412
5.67773
3.63876
2.3841
1.55935
0.752602
0.00441581
-0.262158
0.337196
2.06644
5.24017
10.5431
20.0855
37.9281
45.3062
26.4951
13.9509
7.35424
3.40364
0.922673
-0.608308
-1.46484
-1.75219
-3.49961
-3.60337
-3.46019
-3.12868
-2.67412
-2.17822
-1.72669
-1.36309
-1.02514
-0.40478
1.24611
5.75708
18.1376
40.5751
34.1045
12.865
3.99782
1.31696
1.38586
3.0789
5.97616
9.71072
13.1752
13.9449
11.2293
7.28149
3.74262
1.00334
-0.960833
-2.27813
-3.08635
-3.49961
-4.66383
-4.69029
-4.57614
-4.30957
-3.88403
-3.34739
-2.85002
-2.59666
-2.64424
-2.78942
-2.7295
-2.28246
-1.54431
-0.985
-1.11685
-1.83136
-2.56601
-2.95832
-2.96019
-2.66789
-2.22078
-1.77217
-1.47138
-1.42702
-1.66764
-2.133
-2.71415
-3.30238
-3.82048
-4.22767
-4.50947
-4.66383
-5.07219
-4.85823
-4.31432
-3.0642
-0.203449
6.528
21.4526
32.1665
17.1686
4.44033
-1.00845
-3.32232
-4.32612
-4.76567
-4.96022
-5.04471
-5.07089
-5.05573
-5.00695
-4.93482
-4.85254
-4.77594
-4.71954
-4.69457
-4.71035
-4.75983
-4.83734
-4.93051
-5.02348
-5.09712
-5.12655
-5.07219
-4.90169
-4.8726
-4.65079
-4.136
-3.1835
-1.72592
-0.153272
0.43913
-0.550815
-2.23265
-3.63968
-4.53848
-5.04573
-5.31354
-5.44736
-5.50805
-5.52798
-5.52203
-5.49523
-5.44779
-5.37224
-5.2555
-5.07972
-4.83232
-4.53052
-4.23596
-4.06366
-4.09646
-4.30402
-4.57069
-4.78945
-4.90169
-3.29114
-3.82123
-4.08994
-4.25099
-4.37225
-4.48258
-4.6002
-4.73924
-4.89971
-5.07069
-5.23181
-5.36691
-5.46947
-5.54079
-5.58568
-5.60881
-5.61261
-5.59461
-5.5448
-5.44037
-5.22917
-4.79974
-3.91155
-2.04445
1.89728
9.71894
18.9538
15.5972
6.05935
0.469964
-2.12575
-3.29114
0.66682
0.51643
0.105725
-0.596481
-1.47783
-2.38486
-3.20382
-3.87995
-4.4058
-4.79668
-5.07838
-5.27669
-5.41332
-5.50488
-5.56305
-5.59507
-5.60386
-5.58762
-5.53759
-5.43297
-5.23202
-4.85338
-4.14546
-2.84869
-0.621117
2.56325
5.27241
5.16498
3.14903
1.53684
0.848632
0.66682
19.1449
24.3417
20.317
12.7883
6.96905
2.89012
0.04706
-1.90193
-3.21621
-4.08691
-4.65665
-5.02613
-5.26384
-5.415
-5.50838
-5.56144
-5.58339
-5.57807
-5.54407
-5.47275
-5.35018
-5.15354
-4.85068
-4.399
-3.74387
-2.82335
-1.54048
0.26402
2.84161
6.54872
11.8947
19.1449
19.145
24.3417
20.317
12.7883
6.96905
2.89012
0.0470602
-1.90193
-3.21621
-4.08691
-4.65665
-5.02613
-5.26384
-5.415
-5.50838
-5.56143
-5.58338
-5.57807
-5.54406
-5.47274
-5.35015
-5.1535
-4.85061
-4.39889
-3.7437
-2.82314
-1.54025
0.264225
2.84176
6.54883
11.8948
19.145
0.666881
0.516448
0.10573
-0.596481
-1.47783
-2.38486
-3.20382
-3.87995
-4.4058
-4.79668
-5.07838
-5.27669
-5.41332
-5.50488
-5.56305
-5.59507
-5.60386
-5.58761
-5.53757
-5.43294
-5.23195
-4.85322
-4.1451
-2.8479
-0.619414
2.56652
5.27687
5.1684
3.15062
1.53743
0.848827
0.666881
-3.29138
-3.82133
-4.08999
-4.25101
-4.37225
-4.48258
-4.6002
-4.73924
-4.89971
-5.07069
-5.23181
-5.36691
-5.46947
-5.54079
-5.58568
-5.60881
-5.6126
-5.5946
-5.54479
-5.44035
-5.22915
-4.79971
-3.91153
-2.04454
1.89659
9.71547
18.9432
15.5871
6.05518
0.468444
-2.12634
-3.29138
-4.90178
-4.87264
-4.6508
-4.13601
-3.1835
-1.72591
-0.153265
0.439135
-0.55081
-2.23265
-3.63968
-4.53848
-5.04574
-5.31354
-5.44736
-5.50805
-5.52797
-5.52201
-5.49521
-5.44777
-5.37222
-5.2555
-5.07976
-4.83243
-4.53076
-4.23635
-4.06417
-4.09698
-4.30444
-4.57098
-4.78962
-4.90178
-5.07213
-4.85818
-4.31427
-3.06416
-0.203404
6.52804
21.4526
32.1666
17.1687
4.44031
-1.0085
-3.32242
-4.32626
-4.76584
-4.96039
-5.04485
-5.07097
-5.05576
-5.00692
-4.93474
-4.8524
-4.77578
-4.71935
-4.69437
-4.71016
-4.75966
-4.83719
-4.9304
-5.02339
-5.09705
-5.12649
-5.07213
-4.66364
-4.69012
-4.57598
-4.30941
-3.88385
-3.34721
-2.84983
-2.59649
-2.64414
-2.78948
-2.72989
-2.2835
-1.54641
-0.988091
-1.12005
-1.83372
-2.56735
-2.9589
-2.96028
-2.66764
-2.22026
-1.77143
-1.47047
-1.42604
-1.66668
-2.13214
-2.71345
-3.30183
-3.82007
-4.22737
-4.50924
-4.66364
-3.4993
-3.60303
-3.45978
-3.12815
-2.67346
-2.17742
-1.72578
-1.3621
-1.02411
-0.403633
1.24772
5.76026
18.1459
40.5867
34.1022
12.8617
3.99643
1.31644
1.38584
3.07934
5.97731
9.71317
13.1796
13.9504
11.2337
7.28433
3.74439
1.00445
-0.960128
-2.27766
-3.086
-3.4993
-1.75223
-1.46269
-0.537427
1.09886
3.48526
6.517
9.66952
11.5957
10.9265
8.39673
5.67972
3.64083
2.38662
1.56214
0.754936
0.00581944
-0.261622
0.337098
2.06582
5.23892
10.5406
20.0793
37.909
45.2848
26.4904
13.95
7.35382
3.40324
0.922212
-0.608748
-1.46513
-1.75223
3.30423
1.50723
1.79234
3.91065
8.08143
15.7138
32.3775
61.5623
44.5052
20.898
10.5259
4.98853
1.56419
-0.595085
-1.89041
-2.55552
-2.72378
-2.46642
-1.82763
-0.863505
0.31198
1.48804
2.37566
2.74567
2.64559
2.53723
3.1741
5.4055
9.12599
10.6444
7.22749
3.30423
2.69677
-0.062838
-0.91529
-0.61723
0.349843
1.61096
2.75056
3.31655
3.03911
2.0132
0.607783
-0.814862
-2.03806
-2.98046
-3.64077
-4.05177
-4.2543
-4.28493
-4.17612
-3.9639
-3.69005
-3.40497
-3.14787
-2.90323
-2.54163
-1.74256
0.0936847
3.88615
9.7796
12.6124
7.97013
2.69677
-4.28733
-4.35921
-4.34154
-4.23424
-4.06678
-3.88524
-3.73995
-3.67148
-3.70697
-3.83904
-4.04287
-4.28184
-4.519
-4.72421
-4.87432
-4.94758
-4.91315
-4.711
-4.22579
-3.25994
-1.55043
0.915587
3.01487
2.73702
0.483145
-1.69439
-3.02107
-3.65264
-3.9088
-4.03835
-4.16353
-4.28733
-5.37845
-5.38524
-5.36472
-5.32708
-5.27658
-5.21638
-5.14895
-5.07516
-5.00747
-4.95153
-4.92357
-4.93593
-4.98662
-5.05614
-5.11272
-5.11674
-5.01209
-4.69333
-3.93512
-2.23804
1.51031
9.4627
20.6087
18.3911
7.0545
0.304756
-2.82421
-4.25037
-4.90237
-5.199
-5.32927
-5.37845
-5.58854
-5.5883
-5.56457
-5.51225
-5.41222
-5.22673
-4.88699
-4.28088
-3.2787
-1.85575
-0.442834
0.00412685
-0.881417
-2.28065
-3.42
-4.12305
-4.48582
-4.62587
-4.61401
-4.48048
-4.25717
-4.01864
-3.89435
-3.99165
-4.28976
-4.66687
-5.00489
-5.25436
-5.41724
-5.51439
-5.56663
-5.58854
-5.61359
-5.60644
-5.57085
-5.48936
-5.32177
-4.98088
-4.27443
-2.76422
0.601573
8.54537
26.0052
35.2314
17.5639
5.37968
0.562892
-1.3457
-2.14466
-2.5683
-2.91648
-3.27981
-3.66525
-4.04633
-4.39671
-4.70085
-4.95321
-5.15525
-5.31133
-5.42754
-5.5105
-5.56637
-5.59992
-5.61359
-5.5878
-5.59065
-5.56657
-5.50619
-5.39273
-5.19638
-4.8705
-4.35378
-3.58461
-2.56329
-1.40376
-0.278108
0.806875
2.06828
3.65979
5.37834
6.59636
6.5844
5.23028
3.14854
0.999411
-0.856438
-2.3091
-3.37929
-4.13813
-4.66004
-5.01243
-5.24695
-5.40077
-5.49919
-5.55842
-5.5878
-5.57153
-5.58115
-5.56442
-5.51567
-5.42613
-5.27965
-5.05095
-4.70385
-4.17911
-3.39871
-2.23762
-0.501336
2.11847
6.15479
12.9127
27.5983
71.9441
82.813
31.9511
14.415
6.82388
2.40251
-0.441455
-2.30038
-3.51341
-4.29743
-4.80127
-5.12325
-5.32766
-5.45544
-5.53183
-5.57153
