32 32 1
4.913e-10 1.70191e-09 5.405e-10
-2.1033
-2.09918
-2.09205
-2.08024
-2.06147
-2.03325
-1.99369
-1.94317
-1.8863
-1.833
-1.79652
-1.78795
-1.81008
-1.85578
-1.91214
-1.96692
-2.01258
-2.04669
-2.07015
-2.08531
-2.09463
-2.10017
-2.10339
-2.10524
-2.10631
-2.10695
-2.1073
-2.10744
-2.1073
-2.10678
-2.10559
-2.1033
-2.09869
-2.09057
-2.0745
-2.0437
-1.98604
-1.88107
-1.6976
-1.39721
-0.956352
-0.4219
0.0276153
0.144569
-0.149323
-0.667764
-1.17259
-1.54882
-1.79057
-1.93281
-2.01196
-2.05432
-2.07634
-2.0876
-2.09346
-2.09677
-2.099
-2.10077
-2.10226
-2.10345
-2.10413
-2.10401
-2.10253
-2.09869
-2.08714
-2.07502
-2.04545
-1.98086
-1.84296
-1.54778
-0.907906
0.508195
3.7446
11.5154
28.7533
37.692
19.6768
7.12062
1.94197
-0.264223
-1.24004
-1.67809
-1.87214
-1.9528
-1.98123
-1.98833
-1.99081
-1.99716
-2.00992
-2.02748
-2.04643
-2.06362
-2.07707
-2.08593
-2.08968
-2.08714
-2.06257
-2.06695
-2.05377
-2.01553
-1.93345
-1.76988
-1.45646
-0.883118
0.0831001
1.46245
2.82452
3.21513
2.27058
0.81335
-0.3777
-1.11956
-1.50272
-1.6402
-1.60147
-1.42194
-1.13842
-0.83236
-0.639311
-0.671705
-0.914454
-1.2443
-1.54469
-1.76583
-1.90889
-1.9938
-2.04046
-2.06257
-1.97935
-2.02138
-2.04367
-2.05177
-2.04665
-2.02703
-1.99101
-1.9382
-1.87296
-1.80715
-1.75874
-1.74335
-1.76303
-1.80166
-1.82971
-1.8086
-1.68189
-1.34405
-0.569447
1.14326
4.90652
12.8734
24.0338
21.8303
10.5036
3.76287
0.63948
-0.78582
-1.4429
-1.75168
-1.90198
-1.97935
-1.35654
-1.58974
-1.77672
-1.90709
-1.98909
-2.03646
-2.06143
-2.07284
-2.07655
-2.07629
-2.07418
-2.0708
-2.06482
-2.05211
-2.02387
-1.96275
-1.83499
-1.57531
-1.06164
-0.0856861
1.62268
4.08351
6.17947
5.90346
3.65502
1.48677
0.167292
-0.465982
-0.740617
-0.913749
-1.11572
-1.35654
4.47196
1.15097
-0.529589
-1.34637
-1.73927
-1.92775
-2.01776
-2.06008
-2.07908
-2.08649
-2.08803
-2.08645
-2.08285
-2.07713
-2.06787
-2.05203
-2.02466
-1.97905
-1.9079
-1.80625
-1.67568
-1.52474
-1.35541
-1.12732
-0.704364
0.213979
2.19462
6.11438
12.0735
14.8754
10.0782
4.47196
3.6432
0.842348
-0.646315
-1.39012
-1.7526
-1.92531
-2.00294
-2.03077
-2.02986
-2.01016
-1.978
-1.94051
-1.90729
-1.88854
-1.89052
-1.9117
-1.94366
-1.97568
-1.99887
-2.00701
-1.99406
-1.94874
-1.84546
-1.62785
-1.1776
-0.258103
1.56319
4.86893
9.39563
11.3657
7.99082
3.6432
-1.51962
-1.68401
-1.82365
-1.92147
-1.97714
-1.99439
-1.97207
-1.89803
-1.74389
-1.46158
-0.991706
-0.309807
0.462764
0.973292
0.868693
0.227928
-0.54573
-1.16707
-1.57435
-1.8114
-1.93646
-1.99155
-1.99966
-1.96924
-1.89944
-1.78685
-1.63561
-1.47044
-1.34131
-1.30275
-1.37346
-1.51962
-2.03489
-2.02973
-2.01735
-1.99375
-1.95449
-1.89184
-1.7865
-1.58897
-1.17961
-0.278488
1.78267
6.72865
19.4713
42.1206
35.6483
14.1304
4.62886
0.854038
-0.760964
-1.48131
-1.81012
-1.96148
-2.03006
-2.05879
-2.06753
-2.0659
-2.0592
-2.05096
-2.04378
-2.03915
-2.03688
-2.03489
-1.99247
-1.90103
-1.73949
-1.4726
-1.07546
-0.577628
-0.113245
0.125014
0.085075
-0.0316015
0.0681061
0.551384
1.3044
1.83812
1.6206
0.740765
-0.257206
-1.02362
-1.51021
-1.78952
-1.94087
-2.01986
-2.05975
-2.07905
-2.08764
-2.09061
-2.09036
-2.08745
-2.0809
-2.06773
-2.04189
-1.99247
-1.82704
-1.57038
-0.999292
0.26902
3.1412
9.88001
24.8103
35.5313
20.5377
7.81421
2.3686
0.0533224
-0.959532
-1.4191
-1.6478
-1.78314
-1.87794
-1.94861
-1.99935
-2.03222
-2.04974
-2.05475
-2.05012
-2.03894
-2.0248
-2.01167
-2.00273
-1.9985
-1.99487
-1.9814
-1.93813
-1.82704
-1.64668
-1.61203
-1.37737
-0.843015
0.134675
1.6212
3.22441
3.84848
2.88484
1.22665
-0.160981
-1.04558
-1.5442
-1.8091
-1.94572
-2.01472
-2.04768
-2.05924
-2.05399
-2.0296
-1.97766
-1.8837
-1.72935
-1.50145
-1.21351
-0.932517
-0.77241
-0.816487
-1.03437
-1.30962
-1.53382
-1.64668
-0.933789
-1.50099
-1.73886
-1.81287
-1.80388
-1.76018
-1.71905
-1.70856
-1.73972
-1.80339
-1.87945
-1.94973
-2.00476
-2.04279
-2.06597
-2.07688
-2.07625
-2.06104
-2.02135
-1.93394
-1.74802
-1.35386
-0.513546
1.29015
5.15136
12.8709
21.982
18.4829
8.79096
3.04972
0.322665
-0.933789
-1.2458
-1.67217
-1.88378
-1.98629
-2.03451
-2.05644
-2.0665
-2.07202
-2.07652
-2.08128
-2.08636
-2.09124
-2.09533
-2.09805
-2.09876
-2.09646
-2.08905
-2.07213
-2.03664
-1.96403
-1.81699
-1.52179
-0.938204
0.177054
2.14349
4.96261
7.17573
6.42354
3.62014
1.12945
-0.411888
-1.2458
-1.92353
-1.99374
-2.03979
-2.06817
-2.08487
-2.09439
-2.0997
-2.10268
-2.10439
-2.10544
-2.10613
-2.10656
-2.10673
-2.10651
-2.10564
-2.10371
-2.0999
-2.09285
-2.08029
-2.05862
-2.02271
-1.96612
-1.88308
-1.77309
-1.64805
-1.53689
-1.47793
-1.49595
-1.58302
-1.70491
-1.82547
-1.92353
-1.9235
-1.99372
-2.03978
-2.06816
-2.08487
-2.09439
-2.0997
-2.10268
-2.10439
-2.10544
-2.10613
-2.10656
-2.10673
-2.1065
-2.10564
-2.1037
-2.0999
-2.09285
-2.08028
-2.05861
-2.02269
-1.96608
-1.88301
-1.77298
-1.64788
-1.53668
-1.47771
-1.49574
-1.58286
-1.7048
-1.82541
-1.9235
-1.24574
-1.67215
-1.88378
-1.98629
-2.03451
-2.05645
-2.0665
-2.07202
-2.07652
-2.08128
-2.08636
-2.09124
-2.09533
-2.09805
-2.09876
-2.09646
-2.08904
-2.07213
-2.03663
-1.964
-1.81692
-1.52164
-0.937854
0.177838
2.14519
4.96588
7.18019
6.42696
3.62174
1.13003
-0.411694
-1.24574
-0.934036
-1.50109
-1.73891
-1.81289
-1.80389
-1.76018
-1.71905
-1.70857
-1.73972
-1.8034
-1.87945
-1.94974
-2.00476
-2.04279
-2.06597
-2.07688
-2.07625
-2.06104
-2.02134
-1.93393
-1.74801
-1.35384
-0.513541
1.29005
5.15067
12.8675
21.9715
18.4727
8.78678
3.04819
0.322068
-0.934036
-1.64678
-1.61209
-1.3774
-0.84303
0.134667
1.62119
3.2244
3.84848
2.88484
1.22664
-0.160991
-1.04559
-1.54422
-1.80912
-1.94574
-2.01473
-2.04769
-2.05925
-2.054
-2.02962
-1.97768
-1.88374
-1.72943
-1.50161
-1.2138
-0.932951
-0.772955
-0.817038
-1.03482
-1.30994
-1.53402
-1.64678
-1.82706
-1.57039
-0.999299
0.269015
3.14119
9.88001
24.8102
35.5312
20.5376
7.81416
2.36851
0.053189
-0.959708
-1.4193
-1.64801
-1.78333
-1.87809
-1.94871
-1.99942
-2.03227
-2.04977
-2.05477
-2.05014
-2.03896
-2.02483
-2.0117
-2.00277
-1.99853
-1.9949
-1.98143
-1.93815
-1.82706
-1.99247
-1.90103
-1.73949
-1.47261
-1.07546
-0.577633
-0.113258
0.12498
0.0849867
-0.0318239
0.0675732
0.550214
1.3022
1.83493
1.61732
0.738298
-0.258689
-1.02441
-1.51061
-1.78971
-1.94097
-2.01991
-2.05978
-2.07906
-2.08765
-2.09062
-2.09036
-2.08745
-2.08091
-2.06774
-2.0419
-1.99247
-2.03493
-2.02976
-2.01737
-1.99375
-1.95449
-1.89182
-1.78646
-1.58888
-1.1794
-0.278031
1.78376
6.73145
19.4794
42.132
35.6459
14.127
4.62739
0.853389
-0.761258
-1.48144
-1.81019
-1.96151
-2.03008
-2.05881
-2.06755
-2.06593
-2.05924
-2.051
-2.04383
-2.0392
-2.03692
-2.03493
-1.52001
-1.68425
-1.82378
-1.92153
-1.97716
-1.99438
-1.97202
-1.89792
-1.74367
-1.46114
-0.990854
-0.308304
0.465045
0.976014
0.871085
0.229495
-0.544903
-1.16669
-1.57419
-1.81134
-1.93645
-1.99156
-1.9997
-1.96932
-1.89959
-1.78709
-1.63599
-1.47098
-1.34196
-1.3034
-1.37401
-1.52001
3.64096
0.841691
-0.646491
-1.39015
-1.7526
-1.9253
-2.00292
-2.03074
-2.02981
-2.01009
-1.9779
-1.94038
-1.90712
-1.88837
-1.89035
-1.91156
-1.94356
-1.97562
-1.99883
-2.007
-1.99407
-1.94877
-1.84555
-1.62805
-1.17806
-0.259168
1.56068
4.86314
9.38433
11.353
7.98419
3.64096
4.4769
1.15297
-0.528757
-1.34601
-1.73911
-1.92767
-2.01772
-2.06006
-2.07907
-2.08648
-2.08802
-2.08643
-2.08283
-2.07712
-2.06786
-2.05201
-2.02465
-1.97904
-1.90789
-1.80625
-1.67568
-1.52475
-1.35542
-1.12733
-0.704332
0.214178
2.19548
6.11764
12.0838
14.8925
10.0897
4.4769
-1.35595
-1.58934
-1.77648
-1.90695
-1.98902
-2.03642
-2.0614
-2.07282
-2.07654
-2.07628
-2.07417
-2.07079
-2.06481
-2.0521
-2.02386
-1.96274
-1.83498
-1.5753
-1.06164
-0.0856827
1.62268
4.08352
6.17949
5.9035
3.65512
1.48695
0.167621
-0.465457
-0.7399
-0.912937
-1.11496
-1.35595
-1.9793
-2.02134
-2.04363
-2.05175
-2.04663
-2.02701
-1.99097
-1.93815
-1.87288
-1.80705
-1.7586
-1.74321
-1.7629
-1.80155
-1.82963
-1.80854
-1.68186
-1.34403
-0.569435
1.14327
4.90653
12.8734
24.0338
21.8303
10.5036
3.76289
0.639515
-0.785774
-1.44284
-1.75162
-1.90192
-1.9793
-2.06257
-2.06694
-2.05376
-2.01553
-1.93344
-1.76985
-1.45639
-0.882921
0.0835921
1.46354
2.82647
3.21755
2.27258
0.814565
-0.377067
-1.11925
-1.50258
-1.64013
-1.60144
-1.42192
-1.13841
-0.832356
-0.639309
-0.671703
-0.914451
-1.24429
-1.54468
-1.76583
-1.90889
-1.9938
-2.04046
-2.06257
-2.08714
-2.07502
-2.04545
-1.98088
-1.843
-1.54786
-0.908104
0.507717
3.74336
11.5117
28.7424
37.6819
19.6754
7.12082
1.94219
-0.264099
-1.23998
-1.67806
-1.87213
-1.95279
-1.98123
-1.98833
-1.99081
-1.99716
-2.00992
-2.02748
-2.04643
-2.06362
-2.07707
-2.08593
-2.08968
-2.08714
-2.0987
-2.09058
-2.07451
-2.04371
-1.98607
-1.88114
-1.69774
-1.39747
-0.956816
-0.422622
0.0266855
0.143637
-0.150036
-0.668198
-1.17281
-1.54893
-1.79062
-1.93283
-2.01197
-2.05432
-2.07634
-2.0876
-2.09346
-2.09677
-2.099
-2.10077
-2.10226
-2.10345
-2.10413
-2.10401
-2.10253
-2.0987
-2.1033
-2.09918
-2.09205
-2.08024
-2.06147
-2.03325
-1.99369
-1.94317
-1.8863
-1.833
-1.79652
-1.78795
-1.81008
-1.85578
-1.91214
-1.96692
-2.01258
-2.04669
-2.07015
-2.08531
-2.09463
-2.10017
-2.10339
-2.10524
-2.10631
-2.10695
-2.1073
-2.10744
-2.1073
-2.10678
-2.10559
-2.1033
