32 32 1
4.913e-10 1.70191e-09 5.405e-10
-1.92483e+08
-3.3989e+08
-5.76582e+08
-9.38907e+08
-1.45674e+09
-2.126e+09
-2.86409e+09
-3.46459e+09
-3.60593e+09
-2.97506e+09
-1.50411e+09
4.53543e+08
2.25938e+09
3.36466e+09
3.61447e+09
3.21886e+09
2.52032e+09
1.79558e+09
1.19112e+09
7.48024e+08
4.50575e+08
2.63688e+08
1.52315e+08
8.7133e+07
5.1501e+07
3.02504e+07
1.52638e+07
1.03189e+06
-1.87049e+07
-5.08822e+07
-1.03758e+08
-1.92483e+08
-3.50007e+08
-7.12102e+08
-1.38514e+09
-2.62637e+09
-4.86171e+09
-8.71472e+09
-1.48625e+10
-2.33531e+10
-3.18748e+10
-3.36521e+10
-2.01528e+10
6.36287e+09
2.84528e+10
3.42659e+10
2.82787e+10
1.92211e+10
1.16938e+10
6.64885e+09
3.61406e+09
1.90065e+09
9.76284e+08
4.99765e+08
2.68523e+08
1.64387e+08
1.22259e+08
1.02745e+08
8.58611e+07
6.14751e+07
2.19135e+07
-4.32135e+07
-1.53443e+08
-3.50007e+08
-4.10824e+08
-1.19651e+09
-2.70965e+09
-5.81979e+09
-1.24115e+10
-2.66797e+10
-5.82751e+10
-1.30477e+11
-3.03703e+11
-7.44822e+11
-1.29831e+12
5.7515e+11
1.14864e+12
4.92859e+11
2.05313e+11
8.96952e+10
4.0157e+10
1.7997e+10
7.7769e+09
3.00757e+09
8.90274e+08
1.76072e+08
2.23902e+08
6.02631e+08
9.87747e+08
1.18991e+09
1.16802e+09
9.80409e+08
7.09144e+08
4.04262e+08
5.80065e+07
-4.10824e+08
7.98657e+08
-2.43695e+08
-1.49512e+09
-3.51991e+09
-7.22151e+09
-1.41239e+10
-2.65934e+10
-4.7276e+10
-7.52633e+10
-9.46292e+10
-6.57506e+10
2.13945e+10
8.7066e+10
8.82116e+10
6.06756e+10
3.4148e+10
1.54436e+10
2.62032e+09
-7.17382e+09
-1.51465e+10
-1.97983e+10
-1.73114e+10
-5.72327e+09
9.62488e+09
1.9559e+10
2.07782e+10
1.66348e+10
1.13225e+10
6.95991e+09
3.96981e+09
2.06267e+09
7.98657e+08
3.52264e+09
1.9342e+09
9.31422e+08
9.92434e+07
-7.60239e+08
-1.73774e+09
-2.81603e+09
-3.80614e+09
-4.30104e+09
-3.80494e+09
-2.12672e+09
2.11821e+08
2.09551e+09
2.46196e+09
6.80521e+08
-3.90785e+09
-1.3123e+10
-3.17347e+10
-7.09576e+10
-1.56229e+11
-3.42089e+11
-6.81117e+11
-4.87081e+11
6.77606e+11
5.94365e+11
2.84455e+11
1.2965e+11
5.94231e+10
2.76407e+10
1.32022e+10
6.61099e+09
3.52264e+09
1.54953e+10
1.35105e+10
9.99106e+09
6.5626e+09
3.93721e+09
2.17081e+09
1.07199e+09
4.28301e+08
7.89336e+07
-8.94524e+07
-1.70212e+08
-2.69402e+08
-5.2692e+08
-1.16559e+09
-2.57312e+09
-5.4796e+09
-1.13032e+10
-2.27146e+10
-4.42946e+10
-8.19517e+10
-1.34906e+11
-1.64638e+11
-7.3101e+10
1.02045e+11
1.55938e+11
1.10868e+11
5.81574e+10
2.53786e+10
1.2034e+10
1.11827e+10
1.43308e+10
1.54953e+10
2.81236e+11
1.47817e+11
7.25519e+10
3.49822e+10
1.67964e+10
8.04473e+09
3.82002e+09
1.76412e+09
7.5052e+08
2.41906e+08
-2.00349e+07
-1.68809e+08
-2.86319e+08
-4.49661e+08
-7.50448e+08
-1.30117e+09
-2.22457e+09
-3.61084e+09
-5.42538e+09
-7.3877e+09
-8.9871e+09
-1.0001e+10
-1.17349e+10
-1.84128e+10
-3.80157e+10
-8.37015e+10
-1.75996e+11
-3.25346e+11
-3.72328e+11
9.61872e+10
4.02092e+11
2.81236e+11
2.29817e+11
1.28689e+11
6.5438e+10
3.21654e+10
1.55101e+10
7.23279e+09
3.01485e+09
7.05858e+08
-7.24208e+08
-1.69985e+09
-2.28489e+09
-2.34307e+09
-1.73713e+09
-5.58154e+08
7.90251e+08
1.78865e+09
2.12774e+09
1.81874e+09
1.04453e+09
-7.47268e+07
-1.6693e+09
-4.30309e+09
-9.2922e+09
-1.93554e+10
-3.98603e+10
-8.06822e+10
-1.55969e+11
-2.62313e+11
-2.66978e+11
6.40757e+10
2.95671e+11
2.29817e+11
1.03817e+10
9.90097e+09
7.55406e+09
4.80116e+09
2.27254e+09
-1.01331e+08
-2.83803e+09
-6.79882e+09
-1.31632e+10
-2.31297e+10
-3.65471e+10
-4.83784e+10
-4.518e+10
-1.48816e+10
2.70744e+10
4.89294e+10
4.56504e+10
3.22752e+10
1.96777e+10
1.08757e+10
5.34857e+09
1.83966e+09
-7.32675e+08
-3.1225e+09
-5.73179e+09
-8.44894e+09
-1.03851e+10
-9.91154e+09
-5.75937e+09
1.11287e+09
7.41568e+09
1.03817e+10
-1.84139e+08
-5.10266e+08
-1.09359e+09
-1.92936e+09
-3.09809e+09
-4.9928e+09
-8.78261e+09
-1.73188e+10
-3.7079e+10
-8.30932e+10
-1.93258e+11
-4.77481e+11
-1.23355e+12
-1.02797e+12
1.52343e+12
9.36012e+11
3.59426e+11
1.49909e+11
6.59211e+10
2.98594e+10
1.37315e+10
6.30137e+09
2.77752e+09
1.04436e+09
1.5406e+08
-3.05782e+08
-5.03498e+08
-5.09221e+08
-3.80195e+08
-2.05632e+08
-1.0383e+08
-1.84139e+08
-4.20234e+09
-7.63341e+09
-1.31388e+10
-2.08502e+10
-2.90266e+10
-3.23599e+10
-2.39606e+10
-5.39167e+09
8.08205e+09
3.3144e+09
-1.77949e+10
-4.21668e+10
-4.74219e+10
-1.33168e+10
3.95448e+10
6.48489e+10
5.741e+10
3.9042e+10
2.32398e+10
1.28648e+10
6.81532e+09
3.49381e+09
1.72842e+09
8.06851e+08
3.28349e+08
7.11275e+07
-9.77539e+07
-2.79156e+08
-5.77385e+08
-1.14619e+09
-2.22616e+09
-4.20234e+09
-1.04604e+10
-2.35898e+10
-5.22211e+10
-1.16614e+11
-2.6758e+11
-6.37428e+11
-1.18033e+12
2.7124e+11
1.11044e+12
5.15816e+11
2.16208e+11
9.3536e+10
4.15727e+10
1.95923e+10
1.06207e+10
6.96654e+09
5.1447e+09
3.80806e+09
2.61489e+09
1.56073e+09
6.80381e+08
-1.86075e+07
-5.33278e+08
-8.39932e+08
-9.01363e+08
-7.20088e+08
-4.00118e+08
-1.75929e+08
-3.89246e+08
-1.51252e+09
-4.32711e+09
-1.04604e+10
2.8525e+09
-7.74256e+09
-2.29115e+10
-4.61303e+10
-7.83498e+10
-1.057e+11
-8.3677e+10
1.32501e+10
9.63947e+10
1.02012e+11
7.12937e+10
4.18848e+10
2.27002e+10
1.18267e+10
6.03361e+09
2.9929e+09
1.31333e+09
1.90702e+08
-8.78175e+08
-2.28704e+09
-4.42162e+09
-7.63771e+09
-1.2002e+10
-1.66503e+10
-1.89843e+10
-1.51861e+10
-4.02819e+09
9.23104e+09
1.69161e+10
1.66393e+10
1.10544e+10
2.8525e+09
5.21809e+10
2.29566e+10
8.69586e+09
1.44257e+09
-2.09079e+09
-3.03249e+09
-1.85198e+09
6.49555e+08
3.17491e+09
4.63311e+09
4.76668e+09
4.00506e+09
2.92505e+09
1.90046e+09
1.05465e+09
3.31961e+08
-4.40547e+08
-1.57725e+09
-3.66269e+09
-7.8716e+09
-1.66777e+10
-3.54189e+10
-7.57539e+10
-1.62905e+11
-3.45405e+11
-6.27944e+11
-3.03101e+11
6.17914e+11
5.00046e+11
2.46181e+11
1.14166e+11
5.21809e+10
3.71502e+10
1.86441e+10
9.13145e+09
4.35662e+09
2.00919e+09
9.04244e+08
4.38951e+08
2.93423e+08
2.86816e+08
3.13912e+08
3.20674e+08
2.89324e+08
2.20378e+08
1.16109e+08
-3.54786e+07
-2.75981e+08
-7.03466e+08
-1.52165e+09
-3.14315e+09
-6.39437e+09
-1.29051e+10
-2.57776e+10
-5.0418e+10
-9.39831e+10
-1.55575e+11
-1.85645e+11
-6.09999e+10
1.42073e+11
1.82986e+11
1.26499e+11
7.1336e+10
3.71502e+10
5.30127e+09
3.60438e+09
2.27862e+09
1.36663e+09
7.88519e+08
4.43143e+08
2.47003e+08
1.39322e+08
8.28314e+07
5.32066e+07
3.48052e+07
1.95048e+07
-117733
-3.05256e+07
-8.24282e+07
-1.70429e+08
-3.24066e+08
-5.88826e+08
-1.03414e+09
-1.75386e+09
-2.84787e+09
-4.35882e+09
-6.13373e+09
-7.62817e+09
-7.84068e+09
-5.75655e+09
-1.39858e+09
3.58094e+09
7.01568e+09
7.96749e+09
7.02546e+09
5.30127e+09
5.30265e+09
3.60513e+09
2.279e+09
1.3668e+09
7.88598e+08
4.43177e+08
2.47017e+08
1.39328e+08
8.28333e+07
5.3207e+07
3.4805e+07
1.95028e+07
-121048
-3.05319e+07
-8.24455e+07
-1.70461e+08
-3.24132e+08
-5.88956e+08
-1.0344e+09
-1.75434e+09
-2.84874e+09
-4.3603e+09
-6.136e+09
-7.63119e+09
-7.84387e+09
-5.75869e+09
-1.39852e+09
3.58324e+09
7.01905e+09
7.97064e+09
7.02773e+09
5.30265e+09
3.71548e+10
1.86455e+10
9.13186e+09
4.35671e+09
2.0092e+09
9.04233e+08
4.3894e+08
2.93415e+08
2.86811e+08
3.13909e+08
3.20672e+08
2.89319e+08
2.20371e+08
1.16096e+08
-3.55164e+07
-2.76054e+08
-7.03621e+08
-1.52198e+09
-3.14388e+09
-6.39597e+09
-1.29086e+10
-2.57855e+10
-5.04358e+10
-9.40226e+10
-1.55654e+11
-1.85754e+11
-6.10122e+10
1.42194e+11
1.83079e+11
1.26538e+11
7.13499e+10
3.71548e+10
5.21675e+10
2.29511e+10
8.69347e+09
1.44151e+09
-2.09127e+09
-3.03271e+09
-1.85208e+09
6.49514e+08
3.1749e+09
4.63311e+09
4.76669e+09
4.00506e+09
2.92505e+09
1.90046e+09
1.05463e+09
3.31927e+08
-4.4061e+08
-1.57736e+09
-3.66288e+09
-7.8719e+09
-1.66781e+10
-3.5419e+10
-7.57515e+10
-1.6289e+11
-3.4533e+11
-6.27619e+11
-3.02704e+11
6.17523e+11
4.99777e+11
2.46087e+11
1.14132e+11
5.21675e+10
2.84839e+09
-7.74491e+09
-2.29128e+10
-4.6131e+10
-7.83501e+10
-1.057e+11
-8.3677e+10
1.32501e+10
9.63948e+10
1.02012e+11
7.12939e+10
4.1885e+10
2.27003e+10
1.18268e+10
6.03359e+09
2.99282e+09
1.31322e+09
1.90615e+08
-8.78148e+08
-2.28675e+09
-4.42081e+09
-7.63588e+09
-1.19983e+10
-1.6644e+10
-1.89753e+10
-1.51771e+10
-4.02399e+09
9.22766e+09
1.69078e+10
1.66307e+10
1.10479e+10
2.84839e+09
-1.04608e+10
-2.359e+10
-5.22213e+10
-1.16614e+11
-2.6758e+11
-6.37427e+11
-1.18033e+12
2.7124e+11
1.11045e+12
5.15818e+11
2.1621e+11
9.35389e+10
4.15752e+10
1.95935e+10
1.06201e+10
6.96448e+09
5.14201e+09
3.80553e+09
2.61293e+09
1.55944e+09
6.79661e+08
-1.8876e+07
-5.33214e+08
-8.39646e+08
-9.00984e+08
-7.19764e+08
-3.99983e+08
-1.76047e+08
-3.89578e+08
-1.51297e+09
-4.32756e+09
-1.04608e+10
-4.2024e+09
-7.63347e+09
-1.31388e+10
-2.08502e+10
-2.90266e+10
-3.23597e+10
-2.39598e+10
-5.3896e+09
8.0873e+09
3.32707e+09
-1.77667e+10
-4.21134e+10
-4.73501e+10
-1.3275e+10
3.95158e+10
6.47841e+10
5.73553e+10
3.90087e+10
2.32222e+10
1.2856e+10
6.81109e+09
3.49181e+09
1.7275e+09
8.06447e+08
3.2819e+08
7.10765e+07
-9.77659e+07
-2.79163e+08
-5.77405e+08
-1.14623e+09
-2.22622e+09
-4.2024e+09
-1.84698e+08
-5.10862e+08
-1.09416e+09
-1.92992e+09
-3.09878e+09
-4.99391e+09
-8.78475e+09
-1.73234e+10
-3.70893e+10
-8.31173e+10
-1.9332e+11
-4.7766e+11
-1.23406e+12
-1.02746e+12
1.52399e+12
9.35855e+11
3.59348e+11
1.49876e+11
6.59067e+10
2.98529e+10
1.37286e+10
6.30013e+09
2.7771e+09
1.04439e+09
1.54364e+08
-3.05329e+08
-5.03018e+08
-5.08848e+08
-3.80056e+08
-2.05788e+08
-1.04242e+08
-1.84698e+08
1.03714e+10
9.89271e+09
7.54862e+09
4.79787e+09
2.27041e+09
-1.03266e+08
-2.84081e+09
-6.80393e+09
-1.31732e+10
-2.31487e+10
-3.65804e+10
-4.84264e+10
-4.52249e+10
-1.48866e+10
2.71175e+10
4.89834e+10
4.56878e+10
3.2295e+10
1.96869e+10
1.08798e+10
5.35064e+09
1.84123e+09
-7.30681e+08
-3.1193e+09
-5.72661e+09
-8.44126e+09
-1.03755e+10
-9.90256e+09
-5.75528e+09
1.10943e+09
7.40655e+09
1.03714e+10
2.2965e+11
1.28636e+11
6.54226e+10
3.21611e+10
1.55089e+10
7.23234e+09
3.01437e+09
7.05045e+08
-7.25495e+08
-1.70165e+09
-2.28704e+09
-2.34514e+09
-1.73845e+09
-5.58187e+08
7.91567e+08
1.79081e+09
2.13006e+09
1.82075e+09
1.04609e+09
-7.34217e+07
-1.66785e+09
-4.30076e+09
-9.28749e+09
-1.9345e+10
-3.98362e+10
-8.06251e+10
-1.55833e+11
-2.62022e+11
-2.66642e+11
6.38468e+10
2.95277e+11
2.2965e+11
2.81517e+11
1.4793e+11
7.25971e+10
3.50009e+10
1.68043e+10
8.0482e+09
3.82152e+09
1.76474e+09
7.5073e+08
2.41923e+08
-2.00972e+07
-1.68885e+08
-2.86364e+08
-4.49647e+08
-7.50365e+08
-1.30103e+09
-2.22441e+09
-3.61067e+09
-5.4252e+09
-7.38751e+09
-8.98689e+09
-1.00007e+10
-1.17348e+10
-1.84136e+10
-3.80203e+10
-8.37211e+10
-1.76071e+11
-3.25611e+11
-3.72931e+11
9.61612e+10
4.02613e+11
2.81517e+11
1.55075e+10
1.35218e+10
9.99926e+09
6.56774e+09
3.94014e+09
2.17237e+09
1.07275e+09
4.28624e+08
7.90321e+07
-8.94502e+07
-1.70227e+08
-2.69388e+08
-5.2686e+08
-1.16549e+09
-2.573e+09
-5.47948e+09
-1.13031e+10
-2.27145e+10
-4.42946e+10
-8.19518e+10
-1.34906e+11
-1.64639e+11
-7.3102e+10
1.02043e+11
1.55933e+11
1.10861e+11
5.81464e+10
2.53655e+10
1.20239e+10
1.11814e+10
1.43387e+10
1.55075e+10
3.52317e+09
1.93481e+09
9.31956e+08
9.95794e+07
-7.60195e+08
-1.73808e+09
-2.81687e+09
-3.80754e+09
-4.30291e+09
-3.80687e+09
-2.12803e+09
2.11723e+08
2.09664e+09
2.46378e+09
6.82407e+08
-3.90631e+09
-1.31219e+10
-3.1734e+10
-7.09572e+10
-1.56229e+11
-3.42089e+11
-6.81117e+11
-4.87082e+11
6.77606e+11
5.94365e+11
2.84454e+11
1.2965e+11
5.94225e+10
2.76402e+10
1.32022e+10
6.61127e+09
3.52317e+09
7.98685e+08
-2.43674e+08
-1.49515e+09
-3.52009e+09
-7.22211e+09
-1.41256e+10
-2.65981e+10
-4.72878e+10
-7.52904e+10
-9.46787e+10
-6.5802e+10
2.13943e+10
8.71126e+10
8.82571e+10
6.07034e+10
3.41624e+10
1.54506e+10
2.62358e+09
-7.17229e+09
-1.51458e+10
-1.9798e+10
-1.73112e+10
-5.72322e+09
9.62489e+09
1.95589e+10
2.07781e+10
1.66348e+10
1.13225e+10
6.95989e+09
3.96981e+09
2.06269e+09
7.98685e+08
-4.10735e+08
-1.19632e+09
-2.70925e+09
-5.81892e+09
-1.24096e+10
-2.66752e+10
-5.82644e+10
-1.3045e+11
-3.03623e+11
-7.44543e+11
-1.29782e+12
5.74529e+11
1.14837e+12
4.92842e+11
2.05319e+11
8.97001e+10
4.01597e+10
1.79985e+10
7.77762e+09
3.00793e+09
8.90449e+08
1.76157e+08
2.23943e+08
6.0265e+08
9.87755e+08
1.18991e+09
1.16802e+09
9.80413e+08
7.09149e+08
4.04283e+08
5.80503e+07
-4.10735e+08
-3.49921e+08
-7.11921e+08
-1.38477e+09
-2.6256e+09
-4.86015e+09
-8.71163e+09
-1.48567e+10
-2.33429e+10
-3.18597e+10
-3.36357e+10
-2.01449e+10
6.35494e+09
2.84352e+10
3.42497e+10
2.82685e+10
1.92158e+10
1.16914e+10
6.64777e+09
3.61362e+09
1.90047e+09
9.76215e+08
4.9974e+08
2.68514e+08
1.64385e+08
1.22259e+08
1.02745e+08
8.58628e+07
6.14803e+07
2.19203e+07
-4.31925e+07
-1.534e+08
-3.49921e+08
-1.92483e+08
-3.3989e+08
-5.76582e+08
-9.38907e+08
-1.45674e+09
-2.126e+09
-2.86409e+09
-3.46459e+09
-3.60593e+09
-2.97506e+09
-1.50411e+09
4.53543e+08
2.25938e+09
3.36466e+09
3.61447e+09
3.21886e+09
2.52032e+09
1.79558e+09
1.19112e+09
7.48024e+08
4.50575e+08
2.63688e+08
1.52315e+08
8.7133e+07
5.1501e+07
3.02504e+07
1.52638e+07
1.03189e+06
-1.87049e+07
-5.08822e+07
-1.03758e+08
-1.92483e+08
