32 32 1
5.405e-10 4.913e-10 1.70191e-09
0.29591
0.432091
0.690818
0.996492
1.07937
1.00544
1.05334
1.05936
0.798734
0.504077
0.329555
0.254617
0.235434
0.239355
0.24409
0.241103
0.23558
0.243463
0.365944
1.11449
3.21151
3.97056
1.67315
0.500665
0.259653
0.235222
0.239082
0.243933
0.241627
0.235528
0.243905
0.29591
0.239687
0.308692
0.415432
0.522554
0.569839
0.569574
0.571827
0.546654
0.454399
0.340841
0.258114
0.214508
0.198532
0.19788
0.204307
0.214212
0.22728
0.255119
0.44584
1.66251
7.16635
11.8483
2.65083
0.655322
0.282302
0.233131
0.218198
0.20732
0.199535
0.197145
0.20681
0.239687
0.212697
0.242849
0.28364
0.321882
0.342579
0.347373
0.345373
0.331107
0.297587
0.255687
0.221208
0.200195
0.191769
0.194141
0.206627
0.228627
0.256574
0.291417
0.437568
1.29228
3.87243
4.98975
1.94367
0.589674
0.314374
0.266498
0.237615
0.213029
0.197217
0.191446
0.196112
0.212697
0.218605
0.225307
0.23297
0.24152
0.246561
0.247851
0.247294
0.243732
0.235964
0.227584
0.221006
0.213209
0.208259
0.215367
0.239832
0.284
0.340166
0.386267
0.440614
0.700116
1.33216
1.50583
0.883656
0.488425
0.398827
0.357738
0.302333
0.252453
0.221436
0.208979
0.210762
0.218605
0.331792
0.293359
0.240857
0.219466
0.213551
0.211645
0.212608
0.216717
0.230626
0.273316
0.326255
0.315833
0.268483
0.260733
0.303276
0.39519
0.527064
0.626102
0.608541
0.553425
0.575298
0.588288
0.552281
0.58615
0.633504
0.569484
0.436605
0.328248
0.269677
0.259962
0.299286
0.331792
1.0125
0.719572
0.3596
0.235344
0.211381
0.206779
0.208924
0.222611
0.297191
0.575457
0.970365
0.876999
0.494835
0.348374
0.398586
0.580213
0.91604
1.23182
1.08854
0.731124
0.528421
0.501803
0.641801
0.964996
1.24266
1.04632
0.675313
0.443687
0.349622
0.415429
0.74271
1.0125
3.68993
2.15366
0.690071
0.286124
0.225774
0.218235
0.221441
0.251574
0.477137
1.52573
3.43858
2.87039
1.10942
0.505275
0.520663
0.815464
1.58617
2.72136
2.10863
1.04214
0.614948
0.564138
0.843336
1.67958
2.76177
1.99657
0.999896
0.586405
0.472948
0.790048
2.19791
3.68993
13.7971
4.14797
1.03086
0.342744
0.251851
0.242703
0.246352
0.289197
0.658236
2.62874
11.2918
6.99092
1.79274
0.696382
0.66458
0.986502
2.00919
3.88939
2.80545
1.18569
0.644885
0.58412
0.926887
2.10897
3.95791
2.64749
1.20807
0.73241
0.632114
1.20189
4.22604
13.7971
6.70885
3.10812
0.911629
0.367021
0.295251
0.288628
0.291203
0.324299
0.618682
2.11968
5.93179
4.50482
1.63935
0.887576
0.895935
1.06022
1.57463
2.33987
1.8349
0.95564
0.569483
0.521997
0.778767
1.49294
2.34773
1.8587
1.17505
0.932999
0.860135
1.21923
3.24406
6.70885
1.92407
1.28185
0.598477
0.404066
0.382681
0.381308
0.381905
0.390181
0.494228
0.995981
1.81403
1.71524
1.19587
1.30955
1.49019
1.26698
1.147
1.16452
0.959734
0.636914
0.443753
0.416865
0.553689
0.847814
1.1292
1.15612
1.19714
1.44041
1.41235
1.16782
1.50236
1.92407
0.741259
0.603193
0.526582
0.550537
0.574635
0.572877
0.575125
0.56232
0.527925
0.5638
0.698192
0.823826
1.17945
2.30008
3.00317
1.77207
1.0091
0.733504
0.568282
0.424364
0.335269
0.322163
0.386905
0.516802
0.675416
0.888215
1.42866
2.67089
2.76279
1.45124
0.89065
0.741259
0.545778
0.548967
0.711226
0.93458
1.00056
0.95024
0.983273
0.981489
0.788718
0.587023
0.526912
0.66107
1.20015
2.77273
3.8065
1.95033
0.910787
0.549721
0.396316
0.311739
0.267409
0.261067
0.29275
0.362992
0.4861
0.749064
1.47387
3.28284
3.4597
1.5724
0.775335
0.545778
0.519457
0.650465
1.11311
1.87306
1.95729
1.58226
1.80233
2.0311
1.35632
0.760877
0.533222
0.576325
0.923515
1.68176
2.06474
1.30832
0.702359
0.429764
0.312395
0.259361
0.237312
0.23453
0.249391
0.289951
0.379561
0.584627
1.05781
1.87352
1.94332
1.13315
0.652078
0.519457
0.481507
0.726608
1.54412
3.42198
3.43409
2.1974
2.87989
3.86132
2.06957
0.905994
0.526552
0.468179
0.600535
0.836207
0.922461
0.721336
0.481233
0.336082
0.269103
0.251647
0.263643
0.267805
0.253883
0.258671
0.306856
0.421842
0.633596
0.878245
0.897955
0.675764
0.494081
0.481507
0.41423
0.670689
1.41504
2.96952
3.01198
2.03999
2.58367
3.32363
1.86517
0.840793
0.468446
0.365589
0.387422
0.452026
0.472929
0.41532
0.332078
0.273977
0.263103
0.349909
0.547082
0.597254
0.410092
0.277537
0.263753
0.308667
0.386986
0.460972
0.46768
0.40846
0.363295
0.41423
0.33325
0.512947
0.903798
1.44366
1.53736
1.32576
1.45417
1.55397
1.08566
0.615442
0.375569
0.284987
0.269966
0.282866
0.289096
0.275713
0.254515
0.246091
0.317138
0.758559
1.84476
2.15304
1.06987
0.399271
0.253591
0.249027
0.268586
0.286619
0.286943
0.273179
0.274314
0.33325
0.264269
0.362953
0.53031
0.70909
0.77405
0.754681
0.769257
0.747399
0.59483
0.411685
0.289697
0.23116
0.212412
0.21255
0.217543
0.22174
0.226876
0.246771
0.414549
1.47052
5.29581
7.71283
2.3012
0.598949
0.270104
0.230132
0.22315
0.219092
0.214168
0.211237
0.221683
0.264269
0.222546
0.26919
0.336206
0.400824
0.433215
0.438043
0.436541
0.415978
0.359757
0.289887
0.235377
0.204317
0.192061
0.19238
0.201259
0.216692
0.236764
0.26905
0.450876
1.58355
6.12694
9.4686
2.48856
0.647332
0.295868
0.24465
0.22301
0.205792
0.194545
0.191051
0.198502
0.222546
0.21039
0.228094
0.250771
0.271796
0.283603
0.286776
0.285369
0.276946
0.258436
0.235305
0.21557
0.202309
0.196998
0.201989
0.219559
0.250558
0.289476
0.327709
0.426716
0.953884
2.31501
2.72074
1.33602
0.523573
0.34526
0.302235
0.26324
0.228521
0.206377
0.197427
0.199563
0.21039
0.248656
0.240656
0.228649
0.22522
0.224754
0.22433
0.224587
0.225037
0.226722
0.235921
0.248054
0.242428
0.228927
0.23448
0.267625
0.331283
0.415862
0.479359
0.496424
0.572151
0.801302
0.864574
0.637515
0.506289
0.488445
0.442157
0.358562
0.285449
0.242343
0.227952
0.237222
0.248656
0.539662
0.426765
0.279197
0.222836
0.209792
0.206542
0.20812
0.216324
0.251657
0.369392
0.52326
0.491176
0.346624
0.297205
0.347011
0.478095
0.688105
0.858385
0.795818
0.614354
0.513742
0.50245
0.568315
0.735084
0.866023
0.76079
0.541296
0.381214
0.304793
0.316591
0.441262
0.539662
1.96252
1.27671
0.497478
0.257083
0.216981
0.210924
0.21362
0.23479
0.373605
0.954098
1.86306
1.62768
0.747356
0.418008
0.456995
0.69681
1.22265
1.83517
1.52632
0.883442
0.571144
0.531658
0.742555
1.28731
1.85548
1.46033
0.834328
0.513369
0.405743
0.573517
1.30943
1.96252
7.54963
3.2459
0.89452
0.31711
0.23735
0.228625
0.232199
0.270611
0.584803
2.17642
6.58591
4.78104
1.50893
0.601979
0.588829
0.917245
1.9025
3.6256
2.65572
1.15978
0.642906
0.584224
0.913685
2.02021
3.6902
2.49474
1.13665
0.659194
0.548892
1.02486
3.30478
7.54963
12.9512
4.063
1.03374
0.358498
0.270343
0.261892
0.265209
0.306274
0.667912
2.59825
10.6653
6.74256
1.82936
0.785494
0.759065
1.02563
1.85576
3.27141
2.43149
1.10561
0.618566
0.56212
0.875976
1.87998
3.31376
2.35028
1.20867
0.816003
0.728814
1.26139
4.16634
12.9512
3.43267
2.07009
0.740088
0.378001
0.330676
0.32664
0.328204
0.349412
0.547105
1.50031
3.20552
2.79659
1.37848
1.04381
1.11672
1.12867
1.31828
1.61443
1.31936
0.78787
0.507785
0.470968
0.66374
1.12696
1.59659
1.4368
1.15896
1.12196
1.06675
1.15951
2.24601
3.43267
1.11567
0.816757
0.526123
0.457435
0.45987
0.460089
0.460406
0.456801
0.484908
0.694342
1.05177
1.1056
1.14253
1.736
2.11361
1.49274
1.05463
0.896836
0.723093
0.515675
0.384892
0.365968
0.460345
0.651297
0.848401
0.988136
1.29753
1.95868
1.97753
1.27735
1.07892
1.11567
0.594575
0.538215
0.590548
0.700257
0.74541
0.731909
0.742056
0.72629
0.626735
0.543543
0.563612
0.710919
1.22368
2.76545
3.78711
1.97787
0.971481
0.627131
0.465803
0.358262
0.296221
0.287139
0.332043
0.425402
0.56369
0.817568
1.5144
3.27768
3.44147
1.5866
0.817872
0.594575
0.529984
0.594205
0.887115
1.30174
1.38449
1.23655
1.32757
1.38581
1.02792
0.665986
0.526212
0.622051
1.08855
2.29692
3.01808
1.67746
0.81725
0.486084
0.347616
0.279914
0.247874
0.243465
0.26592
0.3199
0.427315
0.670826
1.29856
2.65404
2.78098
1.3928
0.722502
0.529984
0.504249
0.700154
1.35862
2.66941
2.72582
1.93813
2.38307
2.96009
1.74702
0.850084
0.535379
0.523464
0.751481
1.18216
1.36379
0.975433
0.585428
0.379476
0.286711
0.248935
0.238639
0.238023
0.243436
0.269772
0.339666
0.498921
0.824642
1.27316
1.30903
0.881283
0.572478
0.504249
0.45104
0.717341
1.57027
3.57079
3.57333
2.23997
2.97321
4.04375
2.12487
0.904321
0.504024
0.414711
0.479606
0.605416
0.647473
0.540254
0.396519
0.300707
0.260302
0.278039
0.343768
0.360598
0.297703
0.259174
0.281365
0.358018
0.489901
0.624719
0.636299
0.52084
0.423478
0.45104
0.373805
0.597161
1.1609
2.12021
2.20329
1.69441
1.98906
2.32511
1.46097
0.734982
0.423719
0.322113
0.319223
0.350127
0.360884
0.331046
0.285751
0.255934
0.281385
0.500056
0.995523
1.12712
0.647577
0.322404
0.254522
0.272913
0.315867
0.35486
0.358071
0.328712
0.313804
0.373805
0.29591
0.432091
0.690818
0.996492
1.07937
1.00544
1.05334
1.05936
0.798734
0.504077
0.329555
0.254617
0.235434
0.239355
0.24409
0.241103
0.23558
0.243463
0.365944
1.11449
3.21151
3.97056
1.67315
0.500665
0.259653
0.235222
0.239082
0.243933
0.241627
0.235528
0.243905
0.29591
