32 32 1
5.405e-10 4.913e-10 1.70191e-09
-2.00445e+10
-4.49225e+10
-7.2716e+10
-5.49418e+10
1.21628e+10
6.57738e+09
-2.02005e+10
3.17583e+10
7.55108e+10
5.51137e+10
2.71064e+10
9.45973e+09
8.55542e+08
-1.01552e+09
1.32537e+09
4.14009e+09
5.05257e+09
4.39585e+09
3.24302e+09
2.04787e+09
8.30737e+08
-4.1608e+08
-1.6458e+09
-2.84354e+09
-4.02823e+09
-4.94699e+09
-4.68256e+09
-2.39109e+09
5.27961e+08
4.16865e+08
-5.72419e+09
-2.00445e+10
-1.15719e+10
-2.13724e+10
-2.79866e+10
-2.04177e+10
-3.83956e+09
3.78514e+08
6.36644e+08
1.47105e+10
2.74419e+10
2.44559e+10
1.46806e+10
6.39181e+09
1.48206e+09
-4.92387e+08
-5.68871e+08
9.99728e+07
8.7338e+08
1.64175e+09
2.15354e+09
1.95392e+09
9.40977e+08
-4.8243e+08
-1.69474e+09
-2.18227e+09
-1.8636e+09
-1.13373e+09
-3.56644e+08
3.80445e+08
6.67139e+08
-5.42855e+08
-4.38333e+09
-1.15719e+10
-5.63958e+09
-9.4795e+09
-1.12542e+10
-8.60571e+09
-3.5097e+09
-3.41908e+08
2.14706e+09
6.92405e+09
1.0894e+10
1.04546e+10
6.97382e+09
3.13088e+09
1.4104e+08
-1.92582e+09
-3.31076e+09
-3.89011e+09
-2.92736e+09
-1.49333e+08
2.78517e+09
3.59154e+09
1.89134e+09
-9.78856e+08
-3.25725e+09
-3.35947e+09
-9.41734e+08
2.16524e+09
3.78231e+09
3.61961e+09
2.45525e+09
6.37242e+08
-2.02189e+09
-5.63958e+09
-1.94581e+09
-3.79702e+09
-4.54079e+09
-3.70026e+09
-1.91362e+09
-2.51246e+08
1.31797e+09
3.14754e+09
4.43276e+09
4.20735e+09
2.63728e+09
4.4743e+08
-1.99297e+09
-4.83011e+09
-8.22799e+09
-1.11364e+10
-1.00832e+10
-2.28148e+09
6.99442e+09
9.41416e+09
4.80778e+09
-2.47239e+09
-8.45548e+09
-8.76192e+09
-1.14778e+09
8.18294e+09
1.14503e+10
9.37093e+09
5.9104e+09
2.87809e+09
3.39108e+08
-1.94581e+09
5.20283e+08
-9.16891e+08
-1.5929e+09
-1.49531e+09
-8.8665e+08
-1.27933e+08
6.37658e+08
1.32953e+09
1.63991e+09
1.23191e+09
3.78815e+07
-1.88032e+09
-4.74011e+09
-9.38591e+09
-1.70877e+10
-2.70728e+10
-2.94984e+10
-7.53188e+09
2.23702e+10
2.64705e+10
1.21623e+10
-6.14996e+09
-2.27862e+10
-2.69668e+10
-3.81008e+09
2.5247e+10
2.96189e+10
2.03712e+10
1.15625e+10
6.02733e+09
2.70211e+09
5.20283e+08
2.62854e+09
8.46745e+08
-1.41005e+08
-4.75626e+08
-3.69596e+08
-5.8366e+07
2.78616e+08
4.77297e+08
3.16622e+08
-4.34897e+08
-1.93746e+09
-4.35445e+09
-8.24647e+09
-1.55335e+10
-3.08691e+10
-6.02894e+10
-8.98719e+10
-2.87741e+10
8.13444e+10
7.15835e+10
2.72337e+10
-1.34032e+10
-5.68681e+10
-8.88039e+10
-1.65013e+10
8.5633e+10
7.25609e+10
3.89428e+10
1.94254e+10
1.01353e+10
5.43406e+09
2.62854e+09
5.14532e+09
2.31013e+09
6.47824e+08
-7.85339e+07
-1.99619e+08
-3.63445e+07
1.6362e+08
1.69602e+08
-3.16423e+08
-1.63385e+09
-4.06022e+09
-7.75039e+09
-1.30402e+10
-2.23484e+10
-4.55652e+10
-1.09827e+11
-2.5809e+11
-1.27972e+11
3.00495e+11
1.60345e+11
4.77219e+10
-2.27895e+10
-1.1381e+11
-2.75179e+11
-7.55522e+10
2.96582e+11
1.49162e+11
6.03124e+10
2.76733e+10
1.54348e+10
9.29348e+09
5.14532e+09
8.96599e+09
3.80585e+09
8.97187e+08
-2.55963e+08
-3.64461e+08
-6.11007e+07
2.86745e+08
3.73416e+08
-3.50197e+08
-2.60149e+09
-6.9834e+09
-1.36018e+10
-2.13661e+10
-2.95755e+10
-4.96825e+10
-1.27866e+11
-3.83051e+11
-2.2882e+11
5.04972e+11
2.13274e+11
5.69679e+10
-2.68867e+10
-1.43686e+11
-4.27672e+11
-1.39739e+11
4.80959e+11
1.85454e+11
6.54005e+10
3.36299e+10
2.39266e+10
1.61588e+10
8.96599e+09
1.50122e+10
5.0265e+09
-1.69166e+07
-1.47587e+09
-1.02154e+09
-1.42738e+08
7.33502e+08
1.45016e+09
8.27477e+08
-2.85622e+09
-1.10609e+10
-2.47131e+10
-4.07624e+10
-4.48847e+10
-3.43933e+10
-6.76689e+10
-1.81033e+11
-7.77971e+10
2.3467e+11
1.39989e+11
4.40491e+10
-2.1171e+10
-1.01996e+11
-2.22673e+11
-6.64416e+10
2.05317e+11
9.86031e+10
3.68588e+10
4.13541e+10
4.4454e+10
3.02334e+10
1.50122e+10
2.28362e+10
4.20215e+09
-4.18767e+09
-5.10377e+09
-2.34139e+09
-2.3526e+08
1.46951e+09
4.33472e+09
5.19603e+09
-4.33429e+08
-1.52045e+10
-4.35966e+10
-8.92583e+10
-1.08071e+11
7.69712e+09
5.19415e+10
-3.69633e+09
1.08297e+10
7.30031e+10
6.27624e+10
2.46406e+10
-1.21867e+10
-5.04764e+10
-7.70742e+10
-3.53825e+10
1.16368e+10
-3.43569e+10
-4.37329e+10
8.33564e+10
1.04325e+11
5.71906e+10
2.28362e+10
2.75725e+10
-3.17228e+09
-1.72736e+10
-1.47296e+10
-3.25052e+09
1.93874e+08
8.75607e+08
1.09352e+10
1.83064e+10
9.57388e+09
-1.49895e+10
-6.42805e+10
-1.78178e+11
-3.43926e+11
1.35252e+11
2.65228e+11
9.56729e+10
4.1191e+10
3.57058e+10
2.81931e+10
1.20934e+10
-6.07901e+09
-2.33921e+10
-3.44743e+10
-3.73447e+10
-6.74331e+10
-1.9626e+11
-2.87926e+11
2.80889e+11
2.41965e+11
9.17902e+10
2.75725e+10
2.04662e+10
-2.44174e+10
-5.46186e+10
-4.24207e+10
6.57389e+09
4.53215e+09
-1.29961e+10
2.55694e+10
5.74308e+10
3.65702e+10
-3.68303e+09
-6.59321e+10
-2.12987e+11
-4.91521e+11
2.23133e+11
3.7761e+11
1.29608e+11
4.9657e+10
2.56504e+10
1.528e+10
6.20961e+09
-3.11333e+09
-1.22813e+10
-2.16629e+10
-3.84367e+10
-9.17014e+10
-2.69243e+11
-4.48784e+11
4.14616e+11
3.06748e+11
9.96726e+10
2.04662e+10
-2.73696e+07
-6.35305e+10
-1.53363e+11
-1.47325e+11
9.37565e+10
2.79093e+10
-1.06539e+11
6.60627e+10
1.79771e+11
9.0346e+10
1.94946e+10
-4.06611e+10
-1.26058e+11
-1.9773e+11
7.88584e+10
1.85242e+11
9.2419e+10
4.06621e+10
1.92775e+10
9.70359e+09
3.60122e+09
-1.78456e+09
-7.48609e+09
-1.53491e+10
-3.13062e+10
-7.0172e+10
-1.53442e+11
-1.68972e+11
1.50829e+11
1.6211e+11
6.47313e+10
-2.73696e+07
-2.12224e+10
-1.01261e+11
-3.05412e+11
-4.159e+11
3.63205e+11
7.94897e+10
-3.60785e+11
1.59068e+11
4.13665e+11
1.47864e+11
4.16183e+10
-1.09415e+10
-4.78082e+10
-5.00221e+10
1.79876e+10
6.10109e+10
4.63924e+10
2.55417e+10
1.30091e+10
6.35765e+09
2.25782e+09
-1.11016e+09
-4.82246e+09
-1.03295e+10
-2.04532e+10
-3.87016e+10
-5.94812e+10
-4.10223e+10
3.35101e+10
5.51163e+10
2.46626e+10
-2.12224e+10
-2.93684e+10
-9.77604e+10
-2.66577e+11
-3.33217e+11
2.77507e+11
6.44613e+10
-2.82525e+11
1.31029e+11
3.48145e+11
1.38009e+11
4.61671e+10
5.87911e+09
-1.30894e+10
-1.26952e+10
5.80995e+09
2.06736e+10
2.02694e+10
1.36181e+10
7.80767e+09
4.00473e+09
1.43606e+09
-7.06215e+08
-3.05503e+09
-6.34174e+09
-1.14462e+10
-1.82291e+10
-2.19532e+10
-1.23835e+10
7.80064e+09
1.53689e+10
2.34635e+09
-2.93684e+10
-2.45134e+10
-6.20986e+10
-1.17965e+11
-9.97189e+10
4.78374e+10
1.67975e+10
-5.9633e+10
4.94175e+10
1.30267e+11
7.98003e+10
3.45746e+10
1.0059e+10
-1.16926e+09
-2.65558e+09
2.32567e+09
7.31216e+09
8.30209e+09
6.56643e+09
4.34525e+09
2.4855e+09
9.48593e+08
-4.70755e+08
-1.94693e+09
-3.67664e+09
-5.80707e+09
-7.89163e+09
-8.09958e+09
-4.3132e+09
1.43236e+09
2.64507e+09
-5.10218e+09
-2.45134e+10
-1.5559e+10
-3.13421e+10
-4.48636e+10
-3.26351e+10
-3.05804e+08
2.11675e+09
-4.75378e+09
2.14226e+10
4.48889e+10
3.6981e+10
2.03055e+10
8.07374e+09
1.55941e+09
-4.24129e+08
4.14313e+08
1.91851e+09
2.72754e+09
2.81905e+09
2.51535e+09
1.85214e+09
8.16742e+08
-4.13976e+08
-1.54333e+09
-2.33692e+09
-2.75346e+09
-2.81711e+09
-2.2879e+09
-9.40832e+08
3.51052e+08
-4.67414e+08
-5.31765e+09
-1.5559e+10
-8.2696e+09
-1.4343e+10
-1.76706e+10
-1.31576e+10
-4.17411e+09
-2.07236e+08
2.10164e+09
1.01186e+10
1.71592e+10
1.60471e+10
1.02908e+10
4.69985e+09
9.48523e+08
-1.02166e+09
-1.7614e+09
-1.71451e+09
-8.84788e+08
7.01291e+08
2.19992e+09
2.4648e+09
1.2647e+09
-6.53118e+08
-2.2043e+09
-2.4621e+09
-1.27419e+09
4.18555e+08
1.53368e+09
1.82312e+09
1.37485e+09
-1.18657e+08
-3.22975e+09
-8.2696e+09
-3.5762e+09
-6.12755e+09
-7.18168e+09
-5.65464e+09
-2.66456e+09
-3.18073e+08
1.76269e+09
4.69685e+09
6.96317e+09
6.72486e+09
4.49779e+09
1.71998e+09
-8.50516e+08
-3.18778e+09
-5.39453e+09
-6.84584e+09
-5.74298e+09
-1.06958e+09
4.19414e+09
5.69944e+09
2.98751e+09
-1.54345e+09
-5.16875e+09
-5.23385e+09
-8.73098e+08
4.53026e+09
6.86573e+09
6.03017e+09
3.94403e+09
1.64517e+09
-8.28694e+08
-3.5762e+09
-6.18622e+08
-2.14042e+09
-2.7879e+09
-2.387e+09
-1.32328e+09
-1.83549e+08
9.34086e+08
2.07278e+09
2.76499e+09
2.47079e+09
1.20153e+09
-7.33165e+08
-3.28483e+09
-6.88894e+09
-1.20523e+10
-1.75323e+10
-1.72309e+10
-4.17191e+09
1.23029e+10
1.57788e+10
7.71391e+09
-3.93865e+09
-1.39292e+10
-1.52092e+10
-1.97158e+09
1.43188e+10
1.85346e+10
1.4019e+10
8.43259e+09
4.33598e+09
1.50302e+09
-6.18622e+08
1.57167e+09
4.00817e+07
-7.52333e+08
-8.86823e+08
-5.77278e+08
-8.65769e+07
4.23321e+08
8.19256e+08
8.63097e+08
3.04331e+08
-9.7506e+08
-3.06077e+09
-6.38158e+09
-1.22979e+10
-2.34287e+10
-4.0993e+10
-5.11504e+10
-1.4189e+10
4.19358e+10
4.40045e+10
1.8606e+10
-9.2926e+09
-3.65892e+10
-4.8613e+10
-7.74789e+09
4.56945e+10
4.68143e+10
2.87129e+10
1.52772e+10
7.95838e+09
3.9887e+09
1.57167e+09
3.78505e+09
1.58491e+09
3.14378e+08
-2.12748e+08
-2.46101e+08
-4.18489e+07
1.93476e+08
2.65765e+08
-6.68522e+07
-1.06548e+09
-2.93787e+09
-5.86719e+09
-1.04108e+10
-1.89365e+10
-3.86923e+10
-8.45308e+10
-1.57172e+11
-6.22e+10
1.61004e+11
1.11522e+11
3.75115e+10
-1.81726e+10
-8.38206e+10
-1.61519e+11
-3.64391e+10
1.63832e+11
1.0806e+11
5.01599e+10
2.3698e+10
1.25889e+10
7.14518e+09
3.78505e+09
6.82875e+09
3.05207e+09
8.56919e+08
-8.05157e+07
-2.3403e+08
-4.22815e+07
1.91615e+08
1.95483e+08
-4.26096e+08
-2.15436e+09
-5.3854e+09
-1.02249e+10
-1.64761e+10
-2.57601e+10
-4.97475e+10
-1.27598e+11
-3.58851e+11
-2.07304e+11
4.57963e+11
2.02084e+11
5.50789e+10
-2.60505e+10
-1.37493e+11
-3.9351e+11
-1.23487e+11
4.42217e+11
1.81546e+11
6.63771e+10
3.09856e+10
1.89846e+10
1.21552e+10
6.82875e+09
1.16761e+10
4.5124e+09
6.67355e+08
-6.79317e+08
-6.16427e+08
-9.45663e+07
4.63127e+08
7.60975e+08
9.48428e+06
-2.89208e+09
-8.88984e+09
-1.82841e+10
-2.88462e+10
-3.50243e+10
-4.45943e+10
-1.0658e+11
-3.02792e+11
-1.64154e+11
3.92642e+11
1.86552e+11
5.27021e+10
-2.50236e+10
-1.29136e+11
-3.45384e+11
-1.08354e+11
3.67316e+11
1.53758e+11
5.57347e+10
3.63745e+10
3.16056e+10
2.19216e+10
1.16761e+10
1.88655e+10
5.07357e+09
-1.46613e+09
-2.8453e+09
-1.60371e+09
-1.98675e+08
1.09195e+09
2.57703e+09
2.39572e+09
-2.19606e+09
-1.33049e+10
-3.32028e+10
-5.98261e+10
-6.50538e+10
-1.83764e+10
-1.5713e+10
-7.81313e+10
-2.03485e+10
1.27254e+11
9.55688e+10
3.39132e+10
-1.65417e+10
-7.35725e+10
-1.30165e+11
-4.28154e+10
8.51264e+10
3.46609e+10
6.70984e+09
5.3368e+10
6.66014e+10
4.18872e+10
1.88655e+10
2.61264e+10
1.74697e+09
-9.00601e+09
-8.76666e+09
-3.07135e+09
-1.73307e+08
1.62442e+09
6.99295e+09
1.00347e+10
3.15034e+09
-1.60696e+10
-5.47693e+10
-1.30639e+11
-1.96633e+11
5.54453e+10
1.45367e+11
5.24202e+10
2.9275e+10
4.77e+10
4.13654e+10
1.7332e+10
-8.66238e+09
-3.41248e+10
-4.91184e+10
-3.52988e+10
-3.54526e+10
-1.12281e+11
-1.36353e+11
1.53435e+11
1.64122e+11
7.50241e+10
2.61264e+10
2.59408e+10
-1.15778e+10
-3.12383e+10
-2.47092e+10
-1.36502e+09
1.37274e+09
-2.53937e+09
1.67561e+10
3.25298e+10
2.01859e+10
-1.10471e+10
-6.88374e+10
-2.13025e+11
-4.85612e+11
2.15459e+11
3.67271e+11
1.23126e+11
4.79625e+10
2.95332e+10
2.02155e+10
8.54788e+09
-4.30005e+09
-1.659e+10
-2.6488e+10
-3.88443e+10
-8.64363e+10
-2.60641e+11
-4.36783e+11
4.09653e+11
3.05179e+11
1.01667e+11
2.59408e+10
1.13651e+10
-4.20823e+10
-9.31558e+10
-7.67679e+10
3.07921e+10
1.21004e+10
-4.08553e+10
3.99883e+10
1.01866e+11
6.00582e+10
6.90281e+09
-5.56249e+10
-1.76852e+11
-3.52991e+11
1.53515e+11
2.92368e+11
1.16405e+11
4.67715e+10
2.24359e+10
1.20355e+10
4.66087e+09
-2.32359e+09
-9.45758e+09
-1.82243e+10
-3.57723e+10
-8.4693e+10
-2.21013e+11
-3.15304e+11
2.87309e+11
2.43851e+11
8.56953e+10
1.13651e+10
-1.16161e+10
-8.52473e+10
-2.33558e+11
-2.74348e+11
2.18942e+11
5.3665e+10
-2.27632e+11
1.10393e+11
2.97536e+11
1.2299e+11
3.19262e+10
-2.47803e+10
-8.0705e+10
-9.97996e+10
3.66385e+10
1.07162e+11
6.73004e+10
3.30853e+10
1.60897e+10
7.87491e+09
2.83785e+09
-1.39949e+09
-6.00421e+09
-1.27338e+10
-2.5911e+10
-5.3613e+10
-9.72593e+10
-8.20221e+10
7.0834e+10
9.71626e+10
4.30119e+10
-1.16161e+10
-2.72955e+10
-1.05853e+11
-3.20429e+11
-4.47177e+11
3.95016e+11
8.48501e+10
-3.89721e+11
1.69921e+11
4.38419e+11
1.53703e+11
4.65489e+10
-6.42209e+08
-2.63083e+10
-2.53374e+10
9.77546e+09
3.51889e+10
3.09582e+10
1.8938e+10
1.02084e+10
5.07552e+09
1.80042e+09
-8.84445e+08
-3.8517e+09
-8.18119e+09
-1.55356e+10
-2.68987e+10
-3.60879e+10
-2.19041e+10
1.62429e+10
2.99549e+10
1.11721e+10
-2.72955e+10
-2.80384e+10
-8.11518e+10
-1.85799e+11
-1.90287e+11
1.33374e+11
3.65892e+10
-1.46089e+11
8.17748e+10
2.23254e+11
1.0959e+11
4.15342e+10
9.15803e+09
-5.37424e+09
-6.07872e+09
3.66399e+09
1.23125e+10
1.30904e+10
9.5595e+09
5.85554e+09
3.14072e+09
1.15267e+09
-5.68673e+08
-2.42013e+09
-4.83941e+09
-8.23274e+09
-1.21205e+10
-1.33923e+10
-7.28018e+09
3.53833e+09
7.1214e+09
-2.72563e+09
-2.80384e+10
-2.00445e+10
-4.49225e+10
-7.2716e+10
-5.49418e+10
1.21628e+10
6.57738e+09
-2.02005e+10
3.17583e+10
7.55108e+10
5.51137e+10
2.71064e+10
9.45973e+09
8.55542e+08
-1.01552e+09
1.32537e+09
4.14009e+09
5.05257e+09
4.39585e+09
3.24302e+09
2.04787e+09
8.30737e+08
-4.1608e+08
-1.6458e+09
-2.84354e+09
-4.02823e+09
-4.94699e+09
-4.68256e+09
-2.39109e+09
5.27961e+08
4.16865e+08
-5.72419e+09
-2.00445e+10
