32 32 1
5.405e-10 4.913e-10 1.70191e-09
-1.37673
-0.826113
0.215787
1.44573
1.79082
1.50644
1.69179
1.70086
0.649618
-0.53578
-1.24048
-1.54402
-1.62273
-1.61301
-1.61218
-1.66166
-1.74486
-1.82863
-1.89542
-1.94155
-1.9667
-1.97033
-1.9523
-1.91314
-1.85317
-1.77406
-1.6875
-1.62305
-1.60832
-1.62361
-1.58759
-1.37673
-1.63684
-1.35125
-0.908372
-0.460988
-0.254446
-0.246512
-0.242187
-0.358352
-0.746354
-1.21791
-1.56076
-1.73983
-1.80364
-1.80866
-1.79754
-1.79304
-1.80151
-1.82352
-1.85733
-1.89439
-1.92062
-1.92478
-1.90505
-1.86998
-1.83375
-1.80738
-1.7944
-1.79478
-1.80521
-1.80935
-1.77091
-1.63684
-1.81199
-1.67929
-1.4933
-1.31355
-1.20819
-1.17841
-1.19185
-1.26826
-1.42865
-1.62124
-1.77537
-1.86268
-1.88973
-1.87302
-1.82646
-1.7621
-1.69984
-1.67103
-1.69571
-1.75531
-1.80603
-1.81442
-1.77535
-1.71371
-1.67336
-1.68496
-1.73973
-1.8063
-1.86026
-1.88823
-1.87758
-1.81199
-1.909
-1.8579
-1.78305
-1.70903
-1.65964
-1.64128
-1.65025
-1.68907
-1.75688
-1.83458
-1.89567
-1.92304
-1.90993
-1.85125
-1.73802
-1.56662
-1.37262
-1.25619
-1.30251
-1.45804
-1.58916
-1.61041
-1.51031
-1.34875
-1.2529
-1.31916
-1.50076
-1.68686
-1.82008
-1.89579
-1.92335
-1.909
-1.94477
-1.94027
-1.91722
-1.88929
-1.86807
-1.85918
-1.86363
-1.88105
-1.90779
-1.934
-1.94615
-1.93116
-1.87523
-1.75562
-1.52992
-1.14474
-0.626963
-0.265546
-0.416523
-0.883165
-1.23295
-1.28626
-1.02704
-0.561584
-0.254648
-0.466346
-0.979541
-1.42122
-1.69493
-1.84404
-1.91788
-1.94477
-1.93017
-1.95922
-1.96431
-1.95812
-1.95029
-1.94641
-1.9484
-1.95533
-1.96296
-1.96292
-1.94342
-1.89011
-1.78325
-1.58338
-1.19538
-0.422815
0.926388
2.17145
1.57985
0.118977
-0.741507
-0.859262
-0.254772
1.07802
2.20807
1.44276
-0.0369272
-0.99341
-1.48227
-1.73001
-1.86172
-1.93017
-1.86484
-1.92802
-1.95224
-1.95607
-1.95302
-1.95075
-1.95196
-1.95534
-1.95502
-1.93946
-1.89158
-1.79054
-1.61233
-1.31381
-0.755377
0.507376
3.59804
8.10436
5.67876
1.44821
-0.253955
-0.45721
0.6571
3.97825
8.26492
5.22919
1.25406
-0.450211
-1.16925
-1.52975
-1.74102
-1.86484
-1.73716
-1.84509
-1.88308
-1.88662
-1.88021
-1.87624
-1.87833
-1.88478
-1.88668
-1.86367
-1.7835
-1.6069
-1.30234
-0.861304
-0.208425
1.19443
5.29625
12.7629
8.48734
2.0805
-0.0627127
-0.303924
1.05538
5.73343
13.0392
7.83336
2.09304
0.122471
-0.678231
-1.17054
-1.52031
-1.73716
-1.53154
-1.69822
-1.73563
-1.71854
-1.69528
-1.68512
-1.69021
-1.71003
-1.73311
-1.72101
-1.6072
-1.30307
-0.728869
0.0490851
0.733886
1.50719
3.60345
6.66688
4.68668
1.21309
-0.31544
-0.503664
0.513267
3.33651
6.70537
4.74169
1.98491
0.937737
0.30101
-0.479946
-1.14321
-1.53154
-1.25046
-1.46817
-1.45577
-1.36591
-1.29949
-1.27924
-1.2886
-1.3385
-1.42833
-1.48137
-1.36055
-0.872605
0.266393
2.11721
3.1438
2.35286
1.93455
2.03758
1.24228
-0.0320139
-0.797767
-0.904586
-0.361706
0.801312
1.90447
1.98414
2.09783
2.98501
2.68502
0.831673
-0.580201
-1.25046
-0.946633
-1.13005
-0.92927
-0.62625
-0.471065
-0.459864
-0.459943
-0.551698
-0.825354
-1.09261
-1.06938
-0.431887
1.53736
6.28931
9.18521
4.37938
1.40397
0.335746
-0.312836
-0.886561
-1.24457
-1.29743
-1.03689
-0.517425
0.109074
0.935192
3.03734
7.89464
8.16963
2.7542
0.0186624
-0.946633
-0.716839
-0.660004
0.059271
0.996606
1.29055
1.10585
1.22922
1.19506
0.386724
-0.482781
-0.786332
-0.235921
1.97949
8.27072
12.4109
5.10921
1.01966
-0.405305
-1.02293
-1.3737
-1.56145
-1.58856
-1.45384
-1.16013
-0.65951
0.382875
3.23412
10.3544
11.0062
3.47844
0.241251
-0.716839
-0.629585
-0.100376
1.7555
4.79121
5.14944
3.67802
4.54234
5.42556
2.72743
0.34392
-0.573733
-0.399907
0.994781
4.02239
5.56327
2.58692
0.188231
-0.909333
-1.4044
-1.6481
-1.76191
-1.77755
-1.69798
-1.50468
-1.11745
-0.282307
1.59737
4.81359
5.06615
1.83311
-0.0947177
-0.629585
-0.699083
0.280064
3.53328
10.9837
11.0522
6.17144
8.86537
12.7287
5.61924
0.995327
-0.519016
-0.751333
-0.218934
0.725637
1.07362
0.271008
-0.704229
-1.32117
-1.64577
-1.8089
-1.88196
-1.89174
-1.84132
-1.71343
-1.45458
-0.951843
-0.0826057
0.898104
0.973098
0.0827027
-0.64688
-0.699083
-0.917143
0.107786
3.06983
9.23841
9.42412
5.58872
7.73446
10.6454
4.85698
0.785959
-0.700139
-1.11171
-1.02382
-0.767193
-0.692651
-0.945486
-1.3199
-1.61717
-1.8009
-1.9014
-1.94769
-1.95391
-1.92189
-1.84198
-1.69005
-1.43222
-1.07053
-0.746273
-0.706654
-0.939867
-1.12077
-0.917143
-1.22296
-0.500668
1.06325
3.2188
3.60632
2.77738
3.28119
3.6614
1.78934
-0.0898342
-1.05254
-1.41756
-1.47935
-1.43336
-1.42531
-1.51387
-1.65581
-1.78745
-1.8823
-1.94124
-1.97087
-1.97499
-1.95413
-1.90563
-1.82349
-1.7031
-1.55903
-1.44477
-1.42117
-1.46769
-1.46084
-1.22296
-1.51665
-1.11397
-0.432557
0.296628
0.57172
0.503482
0.556859
0.454954
-0.169998
-0.915362
-1.41284
-1.65146
-1.72788
-1.73225
-1.72963
-1.75039
-1.79218
-1.84128
-1.88826
-1.92691
-1.95064
-1.95423
-1.93681
-1.90241
-1.85753
-1.80838
-1.76271
-1.73359
-1.72986
-1.7335
-1.69001
-1.51665
-1.73515
-1.53775
-1.25038
-0.969006
-0.819581
-0.790675
-0.801624
-0.901083
-1.14866
-1.44928
-1.68131
-1.80982
-1.85619
-1.85333
-1.8277
-1.79637
-1.77245
-1.77011
-1.79648
-1.83944
-1.87371
-1.87931
-1.85309
-1.81011
-1.77589
-1.76865
-1.78691
-1.81726
-1.84631
-1.85919
-1.83272
-1.73515
-1.86918
-1.78354
-1.6642
-1.54863
-1.47582
-1.4513
-1.46298
-1.51845
-1.62294
-1.74611
-1.84572
-1.89993
-1.90706
-1.87166
-1.79651
-1.68765
-1.57271
-1.5091
-1.53922
-1.63251
-1.7129
-1.72613
-1.6643
-1.56686
-1.50855
-1.54267
-1.64766
-1.76328
-1.85093
-1.89978
-1.9073
-1.86918
-1.93362
-1.90855
-1.86408
-1.81756
-1.78475
-1.77173
-1.77818
-1.80456
-1.84788
-1.89511
-1.92831
-1.9332
-1.89927
-1.81259
-1.6497
-1.38943
-1.07116
-0.866652
-0.94775
-1.21502
-1.43008
-1.46405
-1.30187
-1.02855
-0.860244
-0.978725
-1.28428
-1.57397
-1.76816
-1.87718
-1.92673
-1.93362
-1.9435
-1.95644
-1.94919
-1.93406
-1.92086
-1.91496
-1.91794
-1.92909
-1.94447
-1.95565
-1.95088
-1.91702
-1.83715
-1.6797
-1.37797
-0.822889
0.0164855
0.673696
0.38113
-0.442076
-0.999871
-1.08091
-0.677143
0.114508
0.692702
0.301052
-0.567311
-1.22687
-1.59988
-1.79562
-1.89658
-1.9435
-1.90434
-1.94969
-1.96502
-1.96499
-1.96047
-1.95778
-1.95919
-1.96359
-1.96611
-1.95737
-1.92386
-1.84883
-1.71019
-1.46358
-0.986265
0.0369291
2.14907
4.57872
3.34523
0.77883
-0.480851
-0.641772
0.212544
2.39283
4.65664
3.09389
0.594516
-0.729695
-1.34035
-1.64355
-1.81106
-1.90434
-1.80984
-1.89359
-1.92553
-1.93081
-1.92727
-1.92462
-1.92604
-1.92999
-1.92924
-1.90869
-1.84533
-1.71145
-1.48077
-1.12105
-0.501871
0.91381
4.8614
11.7006
7.87031
1.9483
-0.103338
-0.336798
0.972181
5.35573
11.9595
7.21432
1.80177
-0.167666
-0.956971
-1.37777
-1.64638
-1.80984
-1.64475
-1.78072
-1.82154
-1.81856
-1.80602
-1.79961
-1.8029
-1.81437
-1.8234
-1.80216
-1.70447
-1.47198
-1.05906
-0.49342
0.172517
1.3586
4.70255
10.3362
7.02953
1.78807
-0.140524
-0.36435
0.879146
4.85008
10.5105
6.67242
2.10598
0.460723
-0.285933
-0.882777
-1.35497
-1.64475
-1.39862
-1.59501
-1.61752
-1.57402
-1.53359
-1.51849
-1.52584
-1.55827
-1.60618
-1.61595
-1.49186
-1.10055
-0.290076
0.86922
1.63548
1.79139
2.60149
3.80928
2.65907
0.560906
-0.547939
-0.693931
0.0697384
1.90036
3.7461
3.08478
1.93396
1.70412
1.2176
0.079484
-0.8823
-1.39862
-1.09572
-1.31438
-1.23402
-1.06505
-0.961141
-0.938976
-0.947892
-1.01929
-1.17839
-1.30995
-1.21762
-0.639061
0.910912
3.95599
5.63949
3.2604
1.57777
0.98244
0.305903
-0.514808
-1.03539
-1.11093
-0.734832
0.0225452
0.796016
1.32655
2.50729
5.05663
5.00293
1.76881
-0.263421
-1.09572
-0.81662
-0.912013
-0.510675
0.0220357
0.242491
0.205046
0.237137
0.142659
-0.324389
-0.819372
-0.923137
-0.288263
1.95389
8.19603
12.3108
5.20647
1.25886
-0.0899663
-0.730414
-1.16561
-1.41965
-1.45703
-1.27277
-0.893204
-0.340418
0.656435
3.38641
10.3148
10.8986
3.44889
0.203096
-0.81662
-0.653763
-0.381728
0.815067
2.49195
2.84747
2.27533
2.62867
2.83512
1.38493
-0.0858429
-0.666694
-0.279535
1.60328
6.42486
9.31449
4.03968
0.647627
-0.670064
-1.23812
-1.52974
-1.67391
-1.69421
-1.59215
-1.3559
-0.908447
0.0675641
2.54648
7.88525
8.35235
2.82092
0.128357
-0.653763
-0.644654
0.139865
2.76603
7.97642
8.22219
5.11789
6.87197
9.13439
4.31085
0.73914
-0.519957
-0.566433
0.349381
2.07252
2.80697
1.27466
-0.281972
-1.12768
-1.53758
-1.73892
-1.83001
-1.84231
-1.77918
-1.62108
-1.29854
-0.632981
0.675482
2.45133
2.5804
0.869068
-0.369175
-0.644654
-0.791638
0.271741
3.66386
11.5975
11.6265
6.36274
9.25775
13.4749
5.86453
1.01679
-0.579824
-0.936306
-0.674805
-0.170995
-0.00598105
-0.446861
-1.05143
-1.48512
-1.73292
-1.86223
-1.92057
-1.92836
-1.88813
-1.78627
-1.58525
-1.22006
-0.656046
-0.0997114
-0.0481303
-0.509471
-0.900733
-0.791638
-1.06539
-0.170891
2.07661
5.89096
6.23665
4.23221
5.39338
6.70767
3.27016
0.379581
-0.865127
-1.27294
-1.28527
-1.16573
-1.13648
-1.28584
-1.5176
-1.71746
-1.85062
-1.92765
-1.96437
-1.96937
-1.9438
-1.88169
-1.76924
-1.59119
-1.36119
-1.16863
-1.13726
-1.24811
-1.30646
-1.06539
-1.37673
-0.826113
0.215787
1.44573
1.79082
1.50644
1.69179
1.70086
0.649618
-0.53578
-1.24048
-1.54402
-1.62273
-1.61301
-1.61218
-1.66166
-1.74486
-1.82863
-1.89542
-1.94155
-1.9667
-1.97033
-1.9523
-1.91314
-1.85317
-1.77406
-1.6875
-1.62305
-1.60832
-1.62361
-1.58759
-1.37673
